103	88
103	88
103	88
103	88
103	88
103	88
103	88
103	88
101	88
101	88
101	88
101	88
101	88
101	88
101	88
101	88
101	88
101	88
101	88
101	88
101	88
100	88
100	88
100	88
100	88
100	88
100	88
100	88
100	88
100	88
100	88
100	88
100	88
99	88
99	88
99	88
99	88
99	88
99	88
99	88
99	88
99	88
99	88
99	88
99	88
99	88
98	88
98	88
98	88
98	88
98	88
98	88
98	88
98	88
98	88
98	88
98	88
98	88
98	88
98	88
98	88
98	88
98	88
98	88
98	88
98	88
98	88
98	88
98	88
98	88
98	88
99	88
99	88
99	88
99	74
99	74
99	74
99	74
99	74
99	74
99	74
99	74
99	74
99	74
100	74
100	74
100	74
100	74
100	74
100	74
100	74
100	74
100	74
100	74
100	74
100	74
100	74
100	74
100	74
100	74
100	74
100	74
100	74
100	74
100	74
100	74
100	74
100	74
100	74
100	74
100	74
100	74
100	74
100	74
100	74
100	74
100	74
100	74
100	74
100	74
100	73
100	73
101	73
101	73
101	73
101	73
101	73
101	73
101	73
101	73
101	73
101	73
101	73
101	73
101	73
101	71
101	71
101	71
101	71
101	71
101	71
101	71
101	71
101	71
101	71
101	71
101	71
101	71
101	71
101	71
101	71
101	70
101	70
101	70
101	70
101	70
101	70
101	70
101	70
101	70
100	70
100	70
100	70
100	70
100	70
100	70
100	70
100	70
100	70
100	70
100	70
100	70
100	70
100	70
100	70
100	70
100	70
100	70
100	70
100	70
100	70
100	70
100	70
100	70
100	70
100	70
100	70
100	70
100	70
100	70
100	70
100	70
100	70
100	70
100	70
100	70
100	70
100	70
101	70
101	70
101	70
101	70
101	70
101	70
101	70
101	70
101	70
101	70
101	70
101	70
101	70
102	70
102	70
102	70
102	70
102	70
102	70
102	70
102	70
102	70
102	70
102	70
102	70
102	70
101	70
101	70
101	70
101	70
101	70
101	70
101	70
101	70
101	70
101	70
101	70
101	70
101	70
99	70
99	70
99	70
99	70
99	70
99	70
99	70
99	70
99	70
99	70
99	70
99	70
99	70
99	70
99	70
99	70
99	70
99	70
99	70
99	70
99	70
99	70
99	70
99	70
99	70
100	70
100	70
100	70
100	70
100	70
100	70
100	70
100	70
100	70
100	70
100	70
100	70
100	70
101	70
101	70
101	70
101	70
101	70
101	70
101	70
101	70
101	70
101	70
101	70
101	70
101	70
101	70
101	70
101	70
101	70
101	70
101	70
101	70
101	70
101	70
101	70
101	70
101	70
102	70
102	70
102	70
102	70
102	70
102	70
102	70
102	70
102	70
102	70
102	70
102	70
102	70
102	70
102	70
102	70
102	70
102	70
102	70
102	70
102	70
102	70
102	70
102	70
102	70
102	70
102	70
102	70
102	70
102	70
102	70
102	70
102	70
102	70
102	70
102	70
102	70
102	70
102	70
103	70
103	70
103	70
103	70
103	70
103	70
103	70
103	70
103	70
103	70
103	70
103	70
103	70
103	70
103	70
103	70
103	70
103	70
103	70
103	70
103	70
103	70
103	70
103	70
103	70
103	70
103	70
103	70
103	70
103	70
103	70
103	70
103	70
103	70
103	70
103	70
103	70
103	70
103	70
103	70
103	70
103	70
103	70
103	70
103	70
103	70
103	70
103	70
103	70
103	70
103	70
103	70
103	70
103	70
103	70
103	70
103	70
103	70
103	70
103	70
103	70
103	70
103	70
103	70
103	70
103	70
103	70
103	70
103	70
103	70
103	70
103	70
103	68
103	68
103	68
103	68
102	68
102	68
102	68
102	68
102	68
102	68
102	68
102	68
102	68
102	68
102	68
102	67
102	67
102	67
102	67
102	67
102	67
102	67
102	67
102	67
102	67
102	67
102	67
102	67
102	67
102	67
102	67
102	67
102	67
102	67
102	67
102	67
102	67
102	67
102	67
102	67
102	67
102	67
103	67
103	67
103	67
103	67
103	67
103	67
103	67
103	67
103	67
103	67
103	67
103	67
103	67
103	67
103	67
103	67
103	67
103	67
103	67
103	67
103	67
103	67
103	67
103	67
103	67
103	67
104	67
104	67
104	67
104	67
104	67
104	67
104	67
104	67
104	67
104	68
104	68
104	68
104	68
105	68
105	68
105	68
105	68
105	68
105	68
105	68
105	68
105	68
105	68
105	68
105	68
106	68
106	68
106	68
106	68
106	68
106	68
106	68
106	68
106	68
106	68
106	68
106	68
106	68
107	68
107	68
107	68
107	68
107	68
107	68
107	68
107	68
107	68
107	68
107	68
107	68
107	68
107	68
107	68
107	68
107	68
107	68
107	68
107	68
107	68
107	68
107	68
107	68
107	68
106	68
106	68
106	68
106	68
106	68
106	68
106	68
106	68
106	68
106	68
106	68
106	68
106	68
106	68
106	68
106	68
106	68
106	68
106	68
106	68
106	68
106	68
106	68
106	68
106	68
106	68
105	68
105	68
105	68
105	68
105	68
105	68
105	68
105	68
105	68
105	68
105	68
105	68
105	68
104	68
104	68
104	68
104	68
104	68
104	68
104	68
104	68
104	68
104	68
104	68
104	68
104	68
104	68
104	68
104	68
104	68
104	68
104	68
104	68
104	68
104	68
104	68
104	68
104	68
104	68
104	68
104	68
104	68
104	68
104	68
104	68
104	68
104	68
104	68
104	68
104	68
104	68
105	68
105	68
105	68
105	68
105	68
105	68
105	68
105	68
105	68
105	68
105	68
105	68
105	68
107	68
107	68
107	68
107	68
107	68
107	68
107	68
107	68
107	68
107	68
107	68
107	68
109	68
109	68
109	68
109	68
109	68
109	68
109	68
109	68
109	68
109	68
109	68
109	68
109	68
111	68
111	68
111	68
111	68
111	68
111	68
111	68
111	68
111	68
111	68
111	68
111	68
111	68
112	68
112	68
112	69
112	69
112	69
112	69
112	69
112	69
112	69
112	69
112	69
112	69
112	69
113	69
113	69
113	69
113	69
113	69
113	69
113	69
113	69
113	69
113	69
113	69
113	69
113	69
113	69
113	69
113	69
113	69
113	69
113	69
113	69
113	69
113	69
113	69
113	69
113	69
111	69
111	69
111	69
111	69
111	69
111	69
111	69
111	69
111	69
111	69
111	69
111	69
111	69
110	69
110	69
110	69
110	69
110	69
110	69
110	69
110	69
110	69
110	69
110	69
110	69
110	69
109	69
109	69
109	69
109	69
109	69
109	69
109	69
109	69
109	69
109	69
109	69
109	69
109	69
109	69
109	70
109	70
109	70
109	70
109	70
109	70
109	70
109	70
109	70
109	70
109	70
109	70
109	70
109	70
109	70
109	70
109	70
109	70
109	70
109	70
109	70
109	70
109	70
109	70
108	70
108	70
108	70
108	70
108	70
108	70
108	70
108	70
108	70
108	70
108	70
108	70
108	70
107	70
107	70
107	70
107	70
107	70
107	70
107	70
107	70
107	70
107	70
107	70
107	70
107	70
107	70
107	70
107	70
107	70
107	70
107	70
107	70
107	70
107	70
107	70
107	70
107	70
106	70
106	70
106	70
106	70
106	70
106	70
106	70
106	70
106	70
106	70
106	70
106	70
106	70
105	70
105	70
105	70
105	70
105	70
105	70
105	70
105	70
105	70
105	70
105	70
105	70
105	70
105	70
105	70
105	70
105	70
105	70
105	70
105	70
105	70
105	70
105	70
105	70
105	70
103	70
103	70
103	70
103	70
103	70
103	70
103	70
103	70
103	70
103	70
103	70
103	70
103	70
102	70
102	70
102	70
102	70
102	70
102	70
102	70
102	70
102	70
102	70
102	70
102	70
102	70
101	70
101	70
101	70
101	70
101	70
101	70
101	70
101	70
101	70
101	70
101	70
101	70
101	70
101	70
101	70
101	70
101	70
101	70
101	70
101	70
101	70
101	70
101	70
101	70
101	70
101	70
102	70
102	70
102	70
102	70
102	70
102	70
102	70
102	70
102	70
102	70
102	70
102	70
104	70
104	70
104	70
104	70
104	70
104	70
104	70
104	70
104	70
104	70
104	70
104	70
104	70
105	70
105	70
105	70
105	70
105	70
105	70
105	70
105	70
105	70
105	70
105	70
105	70
105	70
105	70
105	70
105	70
105	70
105	70
105	70
105	70
105	70
105	70
105	70
105	72
105	72
105	72
105	72
105	72
105	72
105	72
105	72
105	72
105	72
105	72
105	72
105	72
105	72
105	72
102	73
102	73
102	73
102	73
102	73
102	73
102	73
102	73
102	73
102	73
102	73
102	73
102	73
100	73
100	73
100	73
100	73
100	73
100	73
100	73
100	73
100	73
100	73
100	73
100	73
100	73
98	73
98	73
98	73
98	73
98	73
98	73
98	73
98	73
98	73
98	73
98	73
98	73
98	73
97	73
97	73
97	73
97	73
97	73
97	73
97	73
97	75
97	75
97	75
97	75
97	75
97	75
97	75
97	75
97	75
97	75
97	75
97	75
97	75
97	75
97	75
97	76
97	76
97	76
97	76
97	76
97	76
97	76
97	76
97	76
97	76
97	76
97	76
97	76
97	76
97	76
97	76
97	76
97	76
97	76
97	76
97	76
97	76
97	76
97	76
97	76
97	76
97	76
97	76
97	76
97	76
97	76
97	77
97	77
97	77
97	77
97	77
97	77
97	77
97	77
97	77
97	77
97	77
97	77
97	77
97	77
97	77
97	77
97	77
97	77
97	77
97	77
97	77
97	77
98	77
98	77
98	77
98	77
98	77
98	77
98	77
98	77
98	77
98	77
98	77
98	77
98	77
98	77
98	77
98	77
98	77
98	77
98	77
98	77
98	77
98	77
98	77
98	77
98	77
98	77
99	77
99	77
99	77
99	77
99	77
99	77
99	77
99	77
99	77
99	77
99	77
99	77
99	77
98	77
98	77
98	77
98	77
98	77
98	77
98	77
98	77
98	77
98	77
98	77
98	77
98	77
98	77
98	77
98	77
98	77
98	77
98	77
98	77
98	77
98	77
98	77
98	77
98	77
98	77
98	77
98	77
98	77
98	77
98	77
98	77
98	77
98	77
98	77
98	77
98	77
98	77
99	77
99	77
99	77
99	77
99	77
99	77
99	77
99	77
99	77
99	77
99	77
99	77
99	77
100	77
100	77
100	77
100	77
100	77
100	77
100	77
100	77
100	77
100	77
100	77
100	77
102	77
102	77
102	77
102	77
102	77
102	77
102	77
102	77
102	77
102	77
102	77
102	77
102	77
102	77
102	77
102	77
102	77
102	77
102	77
102	77
103	77
103	77
103	77
103	77
103	77
103	77
103	77
103	77
103	77
103	77
103	77
103	77
103	77
103	77
103	77
103	77
103	77
103	77
103	77
103	77
103	77
103	77
103	77
103	77
103	77
103	77
103	77
103	77
103	77
103	77
103	77
103	77
103	77
103	77
103	77
103	77
103	77
103	77
102	77
102	77
102	77
102	77
102	77
102	77
102	77
102	77
102	77
102	77
102	77
102	77
102	77
102	77
102	77
102	77
102	77
102	77
102	77
102	77
102	77
102	77
102	77
102	77
102	77
102	77
101	77
101	77
101	77
101	77
101	77
101	77
101	77
101	78
101	78
101	78
101	78
101	78
101	78
101	78
101	78
101	78
101	78
101	78
101	78
101	78
101	78
101	78
101	78
101	78
101	78
101	78
101	78
101	78
101	78
101	78
101	78
101	78
101	78
101	78
101	78
101	78
101	78
101	78
101	78
101	78
101	78
101	78
101	78
101	78
101	78
101	78
101	78
101	78
101	78
101	78
102	78
102	78
102	78
102	78
102	78
102	78
102	78
102	78
102	78
102	78
102	78
102	78
102	78
103	78
103	78
103	78
103	78
103	78
103	78
103	78
103	78
103	78
103	78
103	78
103	78
103	78
103	78
103	78
103	78
103	78
103	78
103	78
103	78
103	78
103	78
103	78
103	78
103	78
103	78
104	78
104	78
104	78
104	78
104	78
104	78
104	78
104	78
104	78
104	78
104	78
104	78
104	78
104	78
104	78
104	78
104	78
104	78
104	78
104	78
104	78
104	78
104	78
104	78
104	78
105	78
105	78
105	78
105	78
105	78
105	78
105	78
105	78
105	78
105	78
105	78
105	78
105	78
105	78
105	78
105	79
105	79
105	79
105	79
105	79
105	79
105	79
105	79
105	79
105	79
104	79
104	79
104	79
104	79
104	79
104	80
104	80
104	80
104	80
104	80
104	80
104	80
104	80
103	80
103	80
103	80
103	80
103	80
103	80
103	80
103	80
103	81
103	81
103	81
103	81
103	81
103	81
103	81
103	81
103	81
103	81
103	81
103	81
103	81
103	81
103	81
103	81
103	81
103	81
103	81
103	81
103	81
103	81
103	81
103	81
103	81
103	81
103	81
103	81
103	81
103	81
103	81
103	81
103	81
103	81
103	81
103	81
103	81
103	81
103	81
103	81
103	81
103	81
103	81
103	81
104	81
104	81
104	82
104	82
104	82
104	82
104	82
104	82
104	82
104	82
104	82
104	82
105	82
105	82
105	82
105	82
105	82
105	83
105	83
105	83
105	83
105	83
105	83
105	83
105	83
106	83
106	83
106	83
106	83
106	83
106	83
106	83
106	83
106	83
106	83
106	83
106	83
106	83
106	83
106	83
106	83
106	83
106	83
106	83
106	83
106	83
106	83
106	83
106	83
106	83
106	83
106	83
106	83
106	83
106	83
106	83
106	83
106	83
106	83
106	83
106	83
106	83
106	83
106	84
106	84
106	84
106	84
106	84
106	84
106	84
106	84
106	84
106	84
106	84
106	84
106	84
107	84
107	84
107	85
107	85
107	85
107	85
107	85
107	85
107	85
107	85
107	85
107	85
107	85
107	85
107	85
107	85
107	85
107	85
107	85
107	85
107	85
107	85
107	85
107	85
107	85
107	85
109	85
109	85
109	85
109	85
109	85
109	85
109	85
109	85
109	85
109	85
109	85
109	85
109	85
109	85
109	85
109	85
109	85
109	85
109	85
109	85
109	85
109	85
109	85
109	85
109	85
110	85
110	85
110	85
110	85
110	85
110	85
110	85
110	85
110	85
110	85
110	85
110	85
109	85
109	85
109	85
109	85
109	85
109	85
109	85
109	85
109	85
109	85
109	85
109	85
109	85
109	85
109	85
109	85
109	85
109	85
109	85
109	85
109	85
109	85
109	85
109	85
109	85
109	85
108	85
108	85
108	85
108	85
108	85
108	85
108	85
108	85
108	85
108	85
108	85
108	85
108	85
108	85
108	85
108	85
108	85
108	85
108	85
108	85
108	85
108	85
108	85
108	85
108	85
108	85
107	85
107	85
107	85
107	85
107	85
107	85
107	85
107	85
107	85
107	85
107	85
107	85
107	85
107	85
107	85
107	85
107	85
107	85
107	85
107	85
107	85
107	85
107	85
107	85
107	85
107	85
107	85
107	85
107	85
107	85
107	85
107	85
107	85
107	85
107	85
107	85
107	85
107	85
108	85
108	85
108	85
108	85
108	85
108	85
108	85
108	85
108	85
108	85
108	85
108	85
108	85
108	85
108	85
108	85
108	85
108	85
108	85
108	85
108	85
108	85
108	85
108	85
108	85
109	85
109	85
109	85
109	85
109	85
109	85
109	85
109	85
109	85
109	85
109	85
109	85
109	85
109	85
109	85
109	85
109	85
109	85
109	85
109	85
109	85
109	85
109	85
109	85
109	85
108	85
108	85
108	85
108	85
108	85
108	85
108	85
108	85
108	85
108	85
108	85
108	85
108	85
107	85
107	85
107	85
107	85
107	85
107	85
107	85
107	85
107	85
107	85
107	85
107	85
107	85
107	85
105	85
105	85
105	85
105	85
105	85
105	85
105	85
105	85
105	85
105	85
105	85
105	85
104	85
104	85
104	85
104	85
104	85
104	85
104	86
104	86
104	86
104	86
104	86
104	86
104	86
103	86
103	86
103	86
103	86
103	86
103	86
103	86
103	86
103	87
103	87
103	87
103	87
102	87
102	87
102	87
102	87
102	87
102	87
102	87
102	87
102	87
102	87
102	87
102	87
102	87
102	87
102	87
102	87
102	87
102	87
102	87
102	87
102	87
102	87
102	87
102	87
102	87
102	87
103	87
103	84
103	84
103	84
103	84
103	84
103	84
103	84
103	84
103	84
103	84
103	84
103	84
103	84
103	84
103	84
103	84
103	84
103	84
103	84
103	84
103	84
103	84
103	84
103	84
103	84
103	84
103	84
103	84
103	84
103	84
103	84
103	84
103	84
103	84
103	84
103	84
103	84
102	84
102	84
102	84
102	84
102	84
102	84
102	84
102	84
102	84
102	84
102	84
102	84
102	84
101	84
101	84
101	84
101	84
101	84
101	84
101	84
101	84
101	84
101	84
101	84
101	84
101	84
101	84
101	84
101	84
101	84
101	84
101	84
101	84
101	84
101	84
101	84
101	84
101	84
102	84
102	84
102	84
102	84
102	84
102	84
102	84
102	84
102	84
102	84
102	84
102	84
102	84
103	84
103	84
103	84
103	84
103	84
103	84
103	84
103	84
103	84
103	84
103	84
103	84
103	84
103	84
103	84
103	84
103	84
103	84
103	84
103	84
103	84
103	84
103	84
103	84
103	84
103	84
103	84
103	84
103	84
103	84
103	84
103	84
103	84
103	84
103	84
103	84
103	84
103	84
103	84
103	84
103	84
103	84
103	84
103	84
103	84
103	84
103	84
103	84
103	84
103	84
103	84
103	84
103	84
103	84
103	84
103	84
103	84
103	84
103	84
103	84
103	84
103	84
103	84
103	84
102	84
102	84
102	84
102	84
102	84
102	84
102	84
102	84
102	84
102	84
102	84
102	84
102	84
102	84
102	84
102	84
102	84
102	84
102	84
102	84
102	84
102	84
102	84
102	84
102	84
102	84
102	84
102	84
102	84
102	84
102	84
102	84
102	84
102	84
102	84
102	84
102	84
102	84
102	84
102	84
102	84
102	84
102	84
102	84
102	84
102	84
102	84
102	84
102	84
102	84
102	84
102	84
102	84
102	84
102	84
102	84
102	84
102	84
102	84
102	84
102	84
102	84
102	84
103	84
103	84
103	84
103	84
103	84
103	84
103	84
103	84
103	84
103	84
103	84
103	84
103	84
104	84
104	84
104	84
104	84
104	84
104	84
104	84
104	84
104	84
104	84
104	84
104	84
104	84
106	84
106	84
106	84
106	84
106	84
106	84
106	84
106	84
106	84
106	84
106	84
106	84
106	84
105	84
105	84
105	84
105	84
105	84
105	84
105	84
105	84
105	84
105	84
105	84
105	84
105	84
104	84
104	84
104	84
104	84
104	84
104	84
104	84
104	84
104	84
104	84
104	84
104	84
104	84
104	84
104	84
104	84
104	84
104	84
104	84
104	84
104	84
104	84
104	84
104	84
104	84
103	84
103	84
103	84
103	84
103	84
103	84
103	84
103	84
103	84
103	84
103	84
103	84
103	84
102	84
102	84
102	84
102	84
102	84
102	84
102	84
102	84
102	84
102	84
102	84
102	84
102	84
102	84
102	84
102	84
102	84
102	82
102	82
102	82
102	82
102	82
102	82
102	82
102	82
103	82
103	82
103	82
103	82
103	82
103	82
103	82
103	82
103	82
103	82
103	82
103	82
103	82
104	82
104	82
104	82
104	82
104	82
104	82
104	82
104	82
104	82
104	79
104	79
104	79
104	79
105	79
105	79
105	79
105	79
105	79
105	79
105	79
105	79
105	79
105	79
105	79
105	79
105	79
106	79
106	79
106	79
106	79
106	79
106	79
106	79
106	79
106	79
106	79
106	79
106	79
105	79
105	79
105	79
105	79
105	79
105	79
105	79
105	79
105	79
105	79
105	79
105	79
105	79
103	79
103	79
103	79
103	79
103	79
103	79
103	79
103	79
103	79
103	79
103	79
103	79
103	79
103	79
103	79
103	79
103	79
103	79
103	79
103	79
103	79
103	79
103	79
103	79
103	79
101	79
101	79
101	79
101	79
101	79
101	79
101	79
101	79
101	79
101	79
101	79
101	79
101	79
100	79
100	79
100	79
100	79
100	79
100	79
100	79
100	79
100	79
100	79
100	79
100	79
100	79
99	79
99	79
99	79
99	79
99	79
99	79
99	79
99	79
99	79
99	79
99	79
99	79
99	79
100	79
100	79
100	79
100	79
100	79
100	79
100	79
100	79
100	79
100	79
100	79
100	79
100	79
101	79
101	79
101	79
101	79
101	79
101	79
101	79
101	79
101	79
101	79
101	79
101	79
102	79
102	79
102	79
102	79
102	79
102	79
102	79
102	79
102	79
102	79
102	79
102	79
102	79
103	79
103	79
103	79
103	79
103	79
103	79
103	79
103	79
103	79
103	79
103	79
103	79
103	79
103	79
103	79
103	79
103	79
103	79
103	79
103	79
103	79
103	79
103	79
103	79
103	79
103	79
103	79
103	79
103	79
103	79
103	79
103	79
103	79
103	79
103	79
103	79
103	79
103	79
103	79
103	79
103	79
103	79
103	79
103	79
103	79
103	79
103	79
103	79
103	79
103	79
103	79
102	79
102	79
102	79
102	79
102	79
102	79
102	79
102	79
102	79
102	79
102	79
102	79
102	79
102	79
102	79
102	79
102	79
102	79
102	79
102	79
102	79
102	79
102	79
102	79
102	79
102	79
102	79
102	79
102	79
102	79
102	79
102	79
102	79
102	79
102	79
102	79
102	79
102	79
102	79
102	79
102	79
102	79
102	79
102	79
102	79
102	79
102	79
102	79
102	79
102	79
102	79
102	79
102	79
102	79
102	79
102	79
102	79
102	79
102	79
102	79
102	79
102	79
102	79
102	79
102	79
102	79
102	79
102	79
102	79
102	79
102	79
102	79
102	79
102	79
102	79
102	79
103	79
103	79
103	79
103	79
103	79
103	79
103	79
103	79
103	79
103	79
103	79
103	79
103	79
105	79
105	79
105	79
105	79
105	79
105	79
105	79
105	79
105	79
105	79
105	79
105	79
105	79
106	79
106	79
106	79
106	79
106	79
106	79
106	79
106	79
106	79
106	79
106	79
106	79
106	79
106	79
106	79
106	79
106	79
106	79
106	79
106	79
106	79
106	79
106	79
106	79
106	79
106	79
106	79
106	79
106	79
106	79
106	79
106	79
106	79
106	79
106	79
106	79
106	79
106	79
105	79
105	79
105	79
105	79
105	79
105	79
105	79
105	79
105	79
105	79
105	79
105	79
105	79
104	79
104	79
104	79
104	79
104	79
104	79
104	79
104	79
104	79
104	79
104	79
104	79
104	79
104	79
104	79
104	79
104	79
104	79
104	79
104	79
104	79
104	79
104	79
104	79
104	79
105	79
105	79
105	79
105	79
105	79
105	79
105	79
105	79
105	79
105	79
105	79
105	79
105	79
105	79
105	79
105	79
105	79
105	79
105	79
105	79
105	79
105	79
105	79
105	79
105	79
105	79
106	78
106	78
106	78
106	78
106	78
106	78
106	78
106	78
106	78
106	78
106	78
106	78
106	78
107	78
107	78
107	78
107	78
107	78
107	78
107	78
107	78
107	78
107	78
107	78
107	78
107	78
107	78
107	78
107	78
107	78
107	78
107	77
107	77
107	77
107	77
107	77
107	77
107	77
107	77
107	77
107	77
107	77
107	77
107	77
107	77
107	77
107	77
107	77
107	77
107	77
107	77
107	77
107	77
107	77
107	77
107	77
107	77
107	77
107	77
107	77
107	77
107	77
107	77
107	77
107	77
107	77
107	77
107	77
107	77
107	77
107	77
107	77
107	77
107	77
107	77
107	77
107	77
107	75
107	75
107	75
107	75
107	75
107	75
107	75
107	75
107	75
107	75
107	75
107	75
107	75
107	75
107	75
107	74
107	74
107	74
107	74
107	74
107	74
107	74
107	74
107	74
107	74
107	74
107	74
107	74
107	74
107	74
107	74
107	74
107	74
107	74
107	74
107	74
107	74
107	74
107	74
107	74
107	74
107	74
107	74
107	74
107	74
107	74
107	74
107	74
107	74
107	74
107	74
107	74
107	74
107	74
107	74
107	74
107	74
107	74
107	74
107	74
107	74
107	74
107	74
106	74
106	74
106	74
106	74
106	74
106	74
106	74
106	74
106	74
106	74
106	74
106	74
106	74
106	74
106	74
106	74
106	74
106	74
106	74
106	74
106	74
106	74
106	74
106	74
106	74
106	74
106	74
106	74
106	74
106	74
106	74
106	74
106	74
106	74
106	74
106	74
106	74
106	74
106	74
106	74
106	74
106	74
106	74
106	74
106	74
106	74
106	74
106	74
106	74
106	74
106	74
105	74
105	74
105	74
105	74
105	74
105	74
105	74
105	74
105	74
105	74
105	74
105	74
105	74
105	74
105	74
105	74
105	74
105	74
105	74
105	74
105	74
105	74
105	74
105	74
105	74
105	74
105	74
105	74
105	74
105	74
105	74
105	74
105	74
105	74
105	74
105	74
105	74
105	74
105	74
105	74
105	74
105	74
105	74
105	74
105	74
105	74
105	74
105	74
105	74
105	74
105	74
106	74
106	74
106	74
106	74
106	74
106	74
106	74
106	74
106	74
106	74
106	74
106	74
106	74
107	74
107	74
107	74
107	74
107	74
107	74
107	74
107	74
107	74
107	74
107	74
107	74
107	74
107	74
107	74
107	74
107	74
107	74
107	74
107	74
107	74
107	74
107	74
107	74
107	74
107	74
107	74
107	74
107	74
107	74
107	74
107	74
107	74
107	74
107	74
107	74
107	74
107	74
107	74
107	74
107	74
107	74
107	74
107	74
107	74
107	74
107	74
107	74
107	74
107	74
107	74
107	74
107	74
107	74
107	74
107	74
107	74
107	74
107	74
107	74
107	74
107	74
107	74
107	74
106	74
106	74
106	74
106	74
106	74
106	74
106	74
106	74
106	74
106	74
106	74
106	74
106	74
106	74
106	74
106	74
106	74
106	74
106	74
106	74
106	74
106	74
106	74
106	74
106	74
107	74
107	74
107	74
107	74
107	74
107	74
107	74
107	74
107	74
107	74
107	74
107	74
107	74
107	74
107	74
107	74
107	74
107	74
107	74
107	74
107	74
107	74
107	74
107	74
107	74
107	74
107	74
107	74
107	74
107	74
107	74
107	74
107	74
107	74
107	74
107	74
107	74
107	74
107	74
107	74
107	74
107	74
107	74
107	74
107	74
107	74
107	74
107	74
107	74
107	74
107	74
108	74
108	74
108	74
108	74
108	73
108	73
108	73
108	73
108	73
108	73
108	73
108	73
108	73
109	73
109	73
109	73
109	73
109	73
109	73
109	73
109	73
109	73
109	73
109	73
109	73
109	73
109	73
109	73
109	73
109	73
109	73
109	73
109	73
109	73
109	73
109	73
109	73
109	73
109	73
109	73
109	73
109	73
109	73
109	73
109	73
109	73
109	73
109	73
109	73
109	73
109	73
109	73
109	73
109	73
109	73
109	73
109	73
109	73
109	73
109	73
109	73
109	73
109	73
109	73
108	73
108	73
108	73
108	73
108	73
108	73
108	73
108	73
108	73
108	73
108	73
108	73
108	73
108	73
108	73
108	73
108	73
108	73
108	73
108	73
108	73
108	73
108	73
108	73
108	73
108	73
108	73
108	73
108	73
108	73
108	73
108	73
108	73
108	73
108	73
108	73
108	73
108	73
108	73
108	73
108	73
108	73
108	73
108	73
108	73
108	73
108	73
108	73
108	73
108	73
108	73
108	73
108	73
108	73
108	73
108	73
108	73
108	73
108	73
108	73
108	73
108	73
108	73
108	73
107	73
107	73
107	73
107	73
107	73
107	73
107	73
107	73
107	73
107	73
107	73
107	73
107	73
107	73
107	73
107	73
107	73
107	73
107	73
107	73
107	73
107	73
107	73
107	73
107	73
107	73
107	73
107	73
107	73
107	73
107	73
107	73
107	73
107	73
107	73
107	73
107	73
107	73
107	73
107	73
107	73
107	73
107	73
107	73
107	73
107	73
107	73
107	73
107	73
107	73
107	73
106	73
106	73
106	73
106	73
106	73
106	73
106	73
106	73
106	73
106	73
106	73
106	73
106	73
106	73
106	73
106	73
106	73
106	73
106	73
106	73
106	73
106	73
106	73
106	73
106	73
106	73
106	73
106	73
106	73
106	73
106	73
106	73
106	73
106	73
106	73
106	73
106	73
106	73
106	73
106	73
106	73
106	73
106	73
106	73
106	73
106	73
106	73
106	73
106	73
106	73
106	73
106	73
106	73
106	73
106	73
106	73
106	73
106	73
106	73
106	73
106	73
106	73
106	73
106	73
106	73
106	73
106	73
106	73
106	73
106	73
106	73
106	73
106	73
106	73
106	73
106	73
107	73
107	73
107	73
107	73
107	73
107	73
107	73
107	73
107	73
107	73
107	73
107	73
107	73
107	73
107	73
107	73
107	73
107	73
107	73
107	73
107	73
107	73
107	73
107	73
107	73
107	73
107	73
107	73
107	73
107	73
107	73
107	73
107	73
107	73
107	73
107	73
107	73
107	73
107	73
107	73
107	73
107	73
107	73
107	73
107	73
107	73
107	73
107	73
107	73
107	73
107	73
106	73
106	73
106	73
106	73
106	73
106	73
106	73
106	73
106	73
106	73
106	73
106	73
106	73
107	73
107	73
107	73
107	73
107	73
107	73
107	73
107	73
107	73
107	73
107	73
107	73
108	73
108	73
108	73
108	73
108	73
108	73
108	73
108	73
108	73
108	73
108	73
108	73
108	73
108	73
110	73
110	73
110	73
110	73
110	73
110	73
110	73
110	73
110	73
110	73
110	73
110	73
111	73
111	73
111	73
111	73
111	73
111	73
111	73
111	73
111	73
111	73
111	73
111	73
111	73
112	73
112	73
112	73
112	73
112	73
112	73
112	73
112	73
112	73
112	73
112	73
112	73
112	73
112	73
112	73
112	73
112	73
112	73
112	73
112	73
112	73
112	73
112	73
112	73
112	73
111	73
111	73
111	73
111	73
111	73
111	73
111	73
111	73
111	73
111	73
111	73
111	73
111	73
110	73
110	73
110	73
110	73
110	73
110	73
110	73
110	73
110	73
110	73
110	73
110	73
110	73
109	73
109	73
109	73
109	73
109	73
109	73
109	73
109	73
109	73
109	73
109	73
109	73
108	73
108	73
108	73
108	73
108	73
108	73
108	73
108	73
108	73
108	73
108	73
108	73
108	73
108	73
107	73
107	73
107	73
107	73
107	73
107	73
107	73
107	73
107	73
107	73
107	73
107	73
107	73
107	73
107	73
107	73
107	73
107	73
107	73
107	73
107	73
107	73
107	73
107	73
107	73
106	73
106	73
106	73
106	73
106	73
106	73
106	73
106	72
106	72
106	72
106	72
106	72
106	72
106	72
106	72
106	72
106	72
106	72
106	72
106	72
106	72
106	72
106	72
106	73
106	73
106	73
106	73
106	73
106	73
106	73
106	73
106	73
106	73
106	73
106	73
106	73
106	73
106	73
106	74
106	74
106	74
106	74
106	74
106	74
106	74
106	74
106	74
106	74
106	74
106	74
106	74
107	74
107	74
107	74
107	74
107	74
107	74
107	74
107	74
107	74
107	74
107	74
107	74
106	74
106	74
106	74
106	74
106	74
106	74
106	76
106	76
106	76
106	76
106	76
106	76
106	76
106	76
105	76
105	76
105	76
105	76
105	76
105	76
105	76
105	76
105	76
105	76
105	76
105	76
104	76
104	76
104	76
104	76
104	76
104	76
104	76
104	76
104	76
104	76
104	77
104	77
104	77
103	77
103	77
103	77
103	77
103	77
103	77
103	77
103	77
103	77
103	77
103	77
103	77
103	77
102	79
102	79
102	79
102	79
102	79
102	79
102	79
102	79
102	79
102	79
102	79
102	79
102	79
102	79
102	79
102	81
102	81
102	81
102	81
102	81
102	81
102	81
102	81
102	81
102	81
102	81
102	81
102	81
102	81
102	81
102	83
102	83
102	83
102	83
102	83
102	83
102	83
102	83
102	83
102	83
102	83
102	83
102	83
102	83
102	83
102	83
102	84
102	84
102	84
102	84
102	84
102	84
102	84
102	84
102	84
102	84
102	84
102	84
102	84
102	84
102	84
102	84
102	84
102	84
103	84
103	84
103	84
103	84
103	84
103	84
103	84
103	84
103	84
103	84
103	84
103	84
104	84
104	84
104	84
104	84
104	84
104	84
104	84
104	84
104	84
104	84
104	84
104	84
104	84
104	84
104	84
104	84
104	84
104	84
104	84
104	84
104	84
104	84
104	84
104	84
104	84
104	84
105	84
105	84
105	84
105	84
105	84
105	86
105	86
105	86
105	86
105	86
105	86
105	86
105	86
105	86
105	86
105	86
105	86
105	86
105	86
105	86
105	86
105	86
105	86
105	86
105	86
105	86
105	86
105	86
105	86
105	86
105	86
105	86
105	86
105	86
105	86
105	86
105	87
105	87
106	87
106	87
106	87
106	87
106	87
106	87
106	87
106	87
106	87
106	87
106	87
106	87
106	87
106	87
106	87
106	87
106	87
106	87
106	87
106	87
106	87
106	87
106	87
106	87
106	87
106	87
107	87
107	87
107	88
107	88
107	88
107	88
107	88
107	88
107	88
107	88
107	88
107	88
107	88
107	88
107	88
107	88
107	88
107	88
107	88
107	88
107	88
107	88
107	88
107	88
107	88
107	88
107	88
107	88
107	88
107	88
107	88
107	88
107	88
107	89
107	89
107	89
107	89
107	89
107	89
107	89
107	89
107	89
107	89
107	89
107	89
107	89
107	89
107	89
107	89
107	89
107	89
107	89
107	89
107	89
107	89
107	89
107	89
107	89
107	89
107	89
107	89
107	89
107	89
107	89
107	90
107	90
107	90
107	90
107	90
107	90
107	90
107	90
107	90
107	90
107	90
107	90
107	90
107	90
107	90
107	91
107	91
107	91
107	91
107	91
107	91
107	91
107	91
107	91
107	91
107	91
107	91
107	91
107	91
107	91
107	91
106	91
106	91
106	91
106	91
106	91
106	91
106	91
106	91
106	91
106	91
106	91
106	91
106	91
100	91
100	91
100	91
100	91
100	91
100	91
100	91
100	91
100	91
100	91
100	91
100	91
100	91
97	91
97	91
97	91
97	91
97	91
97	91
97	91
97	91
97	91
97	91
97	91
97	91
96	91
96	91
96	91
96	91
96	91
96	91
96	91
96	91
96	92
96	92
96	92
96	92
96	92
97	92
97	92
97	92
97	92
97	92
97	92
97	92
97	92
97	92
97	92
97	93
97	93
97	93
99	93
99	93
99	93
99	93
99	93
99	93
99	93
99	93
99	93
99	93
99	93
99	93
101	93
101	93
101	93
101	93
101	93
101	93
101	93
101	93
101	93
101	93
101	93
101	93
101	93
102	93
102	93
102	93
102	93
102	93
102	93
102	93
102	93
102	93
102	93
102	93
102	93
102	93
103	93
103	93
103	93
103	93
103	93
103	94
103	94
103	94
103	94
103	94
103	94
103	94
103	94
103	94
103	94
103	94
103	94
103	94
103	94
103	94
103	94
103	94
103	94
103	94
103	94
103	94
103	94
103	94
103	94
103	94
103	94
103	94
103	94
103	94
103	94
103	94
103	95
103	95
104	95
104	95
104	95
104	95
104	95
104	95
104	95
104	95
104	95
104	95
104	95
104	95
104	95
103	95
103	95
103	95
103	95
103	95
103	95
103	95
103	95
103	95
103	95
103	95
103	95
103	95
103	95
103	95
103	96
103	96
103	96
103	96
103	96
103	96
103	96
103	96
103	96
103	96
104	96
104	96
104	96
104	96
104	96
104	96
104	96
104	96
104	96
104	96
104	96
104	96
104	96
105	96
105	96
105	96
105	96
105	96
105	96
105	96
105	96
105	97
105	97
105	97
105	97
105	97
105	97
105	97
105	97
105	97
105	97
105	97
105	97
105	97
105	97
105	97
105	97
105	97
105	97
109	97
109	97
109	97
109	97
109	97
109	97
109	97
109	97
109	97
109	97
109	97
109	97
109	97
109	97
109	97
109	97
109	97
109	97
109	97
109	97
109	97
109	97
109	97
109	97
109	97
110	97
110	97
110	97
110	98
110	98
110	98
110	98
110	98
110	98
110	98
110	98
110	98
110	98
111	98
111	98
111	98
111	98
111	98
111	98
111	98
111	98
111	98
111	98
111	98
111	98
111	98
111	98
111	98
111	98
111	98
111	98
111	98
111	98
111	98
111	98
111	98
111	98
111	98
111	98
111	98
111	98
111	98
111	98
111	98
111	98
111	98
111	98
111	98
111	98
111	98
111	98
111	98
111	98
111	98
111	98
111	98
111	98
111	98
111	98
111	98
111	98
111	98
111	98
111	98
110	98
110	98
110	98
110	98
110	98
110	98
110	98
110	98
110	98
110	98
110	98
110	98
110	98
109	98
109	98
109	98
109	98
109	98
109	98
109	98
109	98
109	98
109	98
109	98
109	98
109	98
108	98
108	98
108	98
108	98
108	98
108	98
108	98
108	98
108	98
108	98
108	98
108	98
108	98
108	98
108	98
108	98
108	98
108	98
108	98
108	98
108	98
108	98
108	98
108	98
108	98
107	98
107	98
107	98
107	98
107	98
107	98
107	98
107	98
107	98
107	98
107	98
107	98
107	98
107	98
107	98
107	98
107	98
107	98
107	98
107	98
107	98
107	98
107	98
107	98
107	98
107	98
107	98
107	98
107	98
107	98
107	98
107	98
107	98
107	98
107	98
107	98
107	98
107	98
107	98
107	98
107	98
107	98
107	98
107	98
107	98
107	98
107	98
107	98
107	98
107	98
107	98
107	98
107	98
107	98
107	98
107	98
107	98
107	98
107	98
107	98
107	98
107	98
107	98
107	98
106	98
106	98
106	98
106	98
106	98
106	98
106	98
106	98
106	98
106	98
106	98
106	98
106	98
106	98
106	98
106	98
106	98
106	98
106	98
106	98
106	98
106	98
106	98
106	98
106	98
106	98
106	98
106	98
106	98
106	98
106	98
106	98
106	98
106	98
106	98
106	98
106	98
106	98
107	98
107	98
107	98
107	98
107	98
107	98
107	98
107	98
107	98
107	98
107	98
107	98
107	98
108	98
108	98
108	98
108	98
108	98
108	98
108	98
108	98
108	98
108	98
108	98
108	98
109	98
109	98
109	98
109	98
109	98
109	98
109	98
109	98
109	98
109	98
109	98
109	98
109	98
108	98
108	98
108	98
108	98
108	98
108	98
108	98
108	98
108	98
108	98
108	98
108	98
108	98
107	98
107	98
107	98
107	98
107	98
107	98
107	98
107	98
107	98
107	98
107	98
107	98
107	98
107	98
107	98
107	98
107	98
107	98
107	98
107	98
107	98
107	98
107	98
107	98
107	98
107	98
106	98
106	98
106	98
106	98
106	98
106	98
106	98
106	98
106	98
106	98
106	98
106	98
105	98
105	98
105	98
105	98
105	98
105	98
105	98
105	98
105	98
105	98
105	98
105	98
105	98
105	98
105	98
105	98
105	98
105	98
105	98
105	98
105	98
105	98
105	98
105	98
105	98
105	98
105	98
105	98
105	98
105	98
105	98
105	98
105	98
105	98
105	98
105	98
105	98
105	98
105	98
105	98
105	98
105	98
105	98
105	98
105	98
105	98
105	98
105	98
105	98
105	98
105	98
105	98
105	98
105	98
105	98
105	98
105	98
105	98
105	98
105	98
105	98
105	98
105	98
105	98
105	98
105	98
105	98
105	98
105	98
105	98
105	98
105	98
105	98
105	98
105	98
105	98
105	98
104	98
104	98
104	98
104	98
104	98
104	98
104	98
104	98
104	98
104	98
104	98
104	98
104	98
104	98
104	98
104	98
104	98
104	98
104	98
104	98
104	98
104	98
104	98
104	98
104	98
103	98
103	98
103	98
103	98
103	98
103	98
103	98
103	98
103	98
103	98
103	98
103	98
103	98
103	98
103	98
103	98
103	98
103	98
103	98
103	98
103	98
103	98
103	98
103	98
103	98
103	98
103	98
103	98
103	98
103	98
103	98
103	98
103	98
103	98
103	98
103	98
103	98
103	98
102	98
102	98
102	98
102	98
102	98
102	98
102	98
102	98
102	98
102	98
102	98
102	98
102	98
103	98
103	98
103	98
103	98
103	98
103	98
103	98
103	98
103	98
103	98
103	98
103	98
103	98
103	98
103	98
103	98
103	98
103	98
103	98
103	98
103	98
103	98
103	98
103	98
103	98
103	98
103	98
103	98
103	98
103	98
103	98
103	98
103	98
103	98
103	98
103	98
103	98
103	98
103	98
103	98
103	98
103	98
103	98
103	98
103	98
103	98
103	98
103	98
103	98
103	98
103	98
103	98
103	98
103	98
103	98
103	98
103	98
103	98
103	98
103	98
103	98
103	98
103	98
103	98
103	98
103	98
103	98
103	98
103	98
103	98
103	98
103	98
103	98
103	98
103	98
103	98
103	98
102	98
102	98
102	98
102	98
102	98
102	98
102	98
102	98
102	98
102	98
102	98
102	98
101	98
101	98
101	98
101	98
101	98
101	98
101	98
101	98
101	98
101	98
101	98
101	98
101	98
100	98
100	98
100	98
100	98
100	98
100	98
100	98
100	98
100	98
100	98
100	98
100	98
100	98
99	98
99	98
99	98
99	98
99	98
99	98
99	98
99	98
99	98
99	98
99	98
99	98
99	98
99	98
99	98
99	98
99	98
99	98
99	98
99	98
99	98
99	98
99	98
99	98
99	98
99	98
99	98
99	98
99	98
99	98
99	98
99	98
99	98
99	98
99	98
99	98
99	98
99	98
99	98
99	98
99	98
99	98
99	98
99	98
99	98
99	98
99	98
99	98
99	98
99	98
99	98
100	98
100	98
100	98
100	98
100	98
100	98
100	98
100	98
100	98
100	98
100	98
100	98
100	98
101	98
101	98
101	98
101	98
101	98
101	98
101	98
101	98
101	98
101	98
101	98
101	98
102	98
102	98
102	98
102	98
102	98
102	98
102	98
102	98
102	98
102	98
102	98
102	98
102	98
102	98
103	98
103	98
103	98
103	98
103	98
103	98
103	98
103	98
103	98
103	98
103	98
103	98
104	98
104	98
104	98
104	98
104	98
104	98
104	98
104	98
104	98
104	98
104	98
104	98
104	98
105	98
105	98
105	98
105	98
105	98
105	98
105	98
105	98
105	98
105	98
105	98
105	98
105	98
104	98
104	98
104	98
104	98
104	98
104	98
104	98
104	98
104	98
104	98
104	98
104	98
104	98
104	98
104	98
104	98
104	98
104	98
104	98
104	98
104	98
104	98
104	98
104	98
104	98
103	98
103	98
103	98
103	98
103	98
103	98
103	98
103	98
103	98
103	98
103	98
103	98
103	98
102	98
102	98
102	98
102	98
102	98
102	98
102	98
102	98
102	98
102	98
102	98
102	98
102	98
102	98
102	98
102	98
102	98
102	98
102	98
102	98
102	98
102	98
102	98
102	98
102	98
102	98
101	98
101	98
101	98
101	98
101	99
101	99
101	99
101	99
101	99
101	99
101	99
101	99
101	99
101	99
101	99
101	99
101	99
101	99
101	99
101	99
101	99
101	99
101	99
101	99
101	99
100	99
100	99
100	99
100	99
100	99
100	99
100	99
100	99
100	99
100	99
100	99
100	99
100	99
100	99
100	99
100	99
100	99
100	99
100	99
100	99
100	99
100	99
100	99
100	99
100	99
99	99
99	99
99	99
99	99
99	99
99	99
99	99
99	99
99	99
99	99
99	99
99	99
99	99
99	99
99	99
99	99
99	99
99	99
99	99
99	99
99	99
99	99
99	99
99	99
99	99
99	99
99	99
99	99
99	99
99	99
99	99
99	99
99	99
99	99
99	99
99	99
99	99
99	99
99	99
99	99
99	99
99	99
99	99
99	99
99	99
99	99
99	99
99	99
99	99
99	99
99	99
99	99
99	99
99	99
99	99
99	99
99	99
99	99
99	99
99	99
99	99
99	99
99	99
99	99
99	99
99	99
99	99
99	99
99	99
99	99
99	99
99	99
99	99
99	99
99	99
99	99
99	99
100	99
100	99
100	99
100	99
100	99
100	99
100	99
100	99
100	99
100	99
100	99
100	99
100	99
101	99
101	99
101	99
101	99
101	99
101	99
101	99
101	99
101	99
101	99
101	99
101	99
101	99
101	99
101	99
101	99
101	99
101	99
101	99
101	99
101	99
101	99
101	99
101	99
101	99
102	99
102	99
102	99
102	99
102	99
102	99
102	99
102	99
102	99
102	99
102	99
102	99
102	99
103	99
103	99
103	99
103	99
103	99
103	99
103	99
103	99
103	99
103	99
103	99
103	99
104	99
104	99
104	99
104	99
104	99
104	99
104	99
104	99
104	99
104	99
104	99
104	99
104	99
104	99
104	99
104	99
104	99
104	99
104	99
104	99
104	99
104	99
104	99
104	99
104	99
104	99
104	99
104	99
104	99
104	99
104	99
104	99
104	99
104	99
104	99
104	99
104	99
104	99
104	99
104	99
104	99
104	99
104	99
104	99
104	99
104	99
104	99
104	99
104	99
104	99
104	99
104	99
104	99
104	99
104	99
104	99
104	99
104	99
104	99
104	99
104	99
104	99
104	99
104	99
103	99
103	99
103	99
103	99
103	99
103	99
103	99
103	99
103	99
103	99
103	99
103	99
103	99
102	99
102	99
102	99
102	99
102	99
102	99
102	99
102	99
102	99
102	99
102	99
102	99
102	99
102	99
102	99
102	99
102	99
102	99
102	99
102	99
102	99
102	99
102	99
102	99
102	99
102	99
99	99
99	99
99	99
99	99
99	99
99	99
99	99
99	99
99	99
99	99
99	99
99	99
99	99
98	99
98	99
98	99
98	99
98	99
98	98
98	98
98	98
98	98
98	98
98	98
98	98
97	98
97	98
97	98
97	98
97	98
97	98
97	98
97	98
97	96
97	96
97	96
97	96
97	96
96	96
96	96
96	96
96	96
96	96
96	96
96	96
96	96
96	96
96	96
96	95
96	95
96	95
96	95
96	95
96	95
96	95
96	95
96	95
96	95
96	95
96	95
96	95
96	95
96	95
96	95
96	94
96	94
96	94
96	94
96	94
96	94
96	94
96	94
96	94
96	94
96	94
96	94
97	94
97	94
97	94
97	93
97	93
97	93
97	93
97	93
97	93
97	93
97	93
97	93
97	93
97	93
97	93
97	93
97	93
97	93
97	92
97	92
97	92
97	92
97	92
97	92
97	92
97	92
96	92
96	92
96	92
96	92
96	92
96	92
96	92
96	92
96	92
96	92
96	92
96	92
96	92
95	92
95	92
95	92
95	92
95	92
95	92
95	92
95	92
95	92
95	92
95	91
95	91
95	91
95	91
95	91
95	91
95	91
95	91
95	91
95	91
95	91
95	91
95	91
95	91
95	91
94	91
94	91
94	91
94	91
94	91
94	91
94	91
94	91
94	91
94	91
94	91
94	91
94	91
93	91
93	91
93	91
93	91
93	91
93	91
93	91
93	91
93	91
93	91
93	91
93	91
93	91
93	91
93	91
93	91
93	91
93	91
93	91
93	91
93	91
93	91
93	91
93	91
93	91
94	91
94	91
94	91
94	91
94	91
94	91
94	91
94	91
94	91
94	91
94	91
94	91
94	91
94	91
94	91
94	91
94	91
94	91
94	91
94	91
94	91
94	91
94	91
94	91
94	91
94	91
94	91
94	91
94	91
94	91
94	91
94	91
94	91
94	91
94	91
94	91
94	91
94	91
94	91
95	91
95	91
95	91
95	91
95	91
95	91
95	91
95	91
95	91
95	91
95	91
95	91
95	91
95	91
95	91
95	91
95	91
95	91
95	91
95	91
95	91
95	91
95	91
95	91
95	91
96	91
96	91
96	91
96	91
96	91
96	91
96	91
96	91
96	91
96	91
96	91
96	91
96	91
97	91
97	91
97	91
97	91
97	91
97	91
97	91
97	91
97	91
97	91
97	91
97	91
97	91
97	91
97	91
97	91
97	91
97	91
97	91
97	91
97	91
97	91
97	91
97	91
97	91
96	91
96	91
96	91
96	91
96	91
96	91
96	91
96	91
96	91
96	91
96	91
96	91
96	91
96	91
96	91
96	91
96	91
96	91
96	91
96	91
96	91
96	91
96	91
96	91
96	91
96	91
96	91
96	91
96	91
96	92
96	92
96	92
96	92
96	92
96	92
96	92
96	92
96	92
96	92
96	92
96	92
96	92
96	92
96	92
96	92
96	92
96	92
96	92
96	92
96	92
96	92
96	92
96	92
96	92
96	92
96	92
96	92
96	92
96	92
96	92
96	92
96	92
96	92
96	92
96	92
96	92
96	92
96	92
96	92
96	92
96	92
96	92
96	92
96	92
96	92
96	92
96	92
96	92
96	92
96	92
96	92
96	92
96	92
96	92
96	92
96	92
96	92
96	92
96	92
97	92
97	92
97	92
97	92
97	92
97	92
97	92
97	92
97	92
97	92
97	92
97	92
97	92
98	92
98	92
98	92
98	92
98	93
98	93
98	93
98	93
98	93
98	93
98	93
98	93
98	93
99	93
99	93
99	93
99	93
99	93
99	93
99	93
99	93
99	93
99	93
99	93
99	93
99	93
99	93
99	93
99	93
99	93
99	93
99	93
99	93
99	93
99	93
99	93
99	93
99	93
99	93
99	93
99	93
99	93
99	93
99	93
99	93
99	93
99	93
99	93
99	93
99	93
99	93
99	93
99	93
99	93
99	93
99	93
99	93
99	93
99	93
99	93
99	93
99	93
99	93
99	93
99	93
99	93
99	93
99	93
99	93
99	93
99	93
99	93
99	93
99	93
99	93
99	93
99	93
99	93
99	93
99	93
99	93
99	93
99	93
99	93
99	93
99	93
99	93
99	93
99	93
99	93
99	93
99	93
99	93
99	93
99	93
99	93
99	93
99	93
99	93
99	93
99	93
99	93
99	93
99	93
99	93
99	93
99	93
99	93
99	93
99	93
99	93
99	93
99	93
99	93
99	93
99	93
99	93
99	93
99	93
99	93
99	93
99	93
99	93
99	93
99	93
99	93
99	93
99	93
99	93
99	93
99	93
99	93
99	93
99	93
99	93
99	93
99	93
99	93
99	93
99	93
99	93
99	93
99	93
99	93
99	93
99	93
99	93
99	93
99	93
99	93
99	93
99	93
99	93
99	93
99	93
99	93
99	93
99	93
99	93
99	93
99	93
99	93
99	93
99	93
99	93
99	93
97	93
97	93
97	93
97	93
97	93
97	93
97	93
97	93
97	93
97	93
97	93
97	93
97	93
97	93
97	93
97	93
97	93
97	93
97	93
97	93
97	93
97	93
97	93
97	93
97	93
96	93
96	93
96	93
96	93
96	93
96	93
96	93
96	93
96	93
96	93
96	93
96	93
96	93
95	93
95	93
95	93
95	93
95	93
95	93
95	93
95	93
95	93
95	93
95	93
95	93
95	93
95	93
95	93
95	93
95	93
95	93
95	93
95	93
95	93
95	93
95	93
95	93
95	93
96	93
96	93
96	93
96	93
96	93
96	93
96	93
96	93
96	93
96	93
96	93
96	93
96	93
97	93
97	93
97	93
97	93
97	93
97	93
97	93
97	91
97	91
97	91
97	91
97	91
97	91
97	91
97	91
97	91
97	91
97	91
97	91
97	91
97	91
97	91
97	91
97	91
97	91
97	91
98	91
98	91
98	91
98	91
98	91
98	91
98	91
98	91
98	91
98	91
98	91
98	91
98	89
98	89
98	89
98	89
98	89
98	89
98	89
98	89
98	89
98	89
98	89
98	89
98	89
98	89
98	89
98	87
98	87
98	87
98	87
98	87
98	87
98	87
98	87
98	87
98	87
98	87
98	87
98	87
98	87
98	87
98	87
98	85
98	85
98	85
98	85
98	85
98	85
98	85
98	85
99	85
99	85
99	85
99	85
99	85
99	85
99	85
99	83
99	83
99	83
99	83
99	83
99	83
99	83
99	83
99	83
99	83
99	83
99	83
99	83
99	83
99	83
99	82
99	82
99	82
101	82
101	82
101	82
101	82
101	82
101	82
101	82
101	82
101	82
101	82
101	82
101	82
101	82
102	80
102	80
102	80
102	80
102	80
102	80
102	80
102	80
102	80
102	80
102	80
102	80
102	80
103	80
103	80
103	78
103	78
103	78
103	78
103	78
103	78
103	78
103	78
103	78
103	78
103	78
104	78
104	78
104	78
104	78
104	77
104	77
104	77
104	77
104	77
104	77
104	77
104	77
105	77
105	77
105	77
105	77
105	77
105	77
105	77
105	77
105	77
105	77
105	77
105	77
105	77
105	77
105	77
105	77
105	77
105	77
105	77
105	77
105	77
105	77
105	77
105	75
105	75
105	75
106	75
106	75
106	75
106	75
106	75
106	75
106	75
106	75
106	75
106	75
106	75
106	75
106	73
106	73
106	73
106	73
106	73
106	73
106	73
106	73
106	73
106	73
106	73
106	73
106	73
105	73
105	73
105	74
105	74
105	74
105	74
105	74
105	74
105	74
105	74
105	74
105	74
105	74
105	74
105	74
105	74
105	74
105	74
105	76
105	76
105	76
105	76
105	76
105	76
105	76
105	76
105	76
105	76
105	76
105	76
105	76
105	76
105	76
105	76
105	76
105	76
105	76
105	76
105	76
104	76
104	76
104	76
104	76
104	76
104	76
104	76
104	76
104	76
104	76
104	76
104	76
104	76
104	76
104	76
104	76
104	76
104	76
104	76
104	76
104	76
104	76
104	76
104	76
104	76
104	76
104	76
104	76
104	76
104	76
104	76
104	76
104	76
104	76
104	76
104	76
104	76
104	76
105	76
105	76
105	76
105	76
105	76
105	76
105	76
105	76
105	76
105	76
105	76
105	76
105	76
105	76
105	76
105	76
105	76
105	76
105	76
105	76
105	76
105	76
105	76
105	76
105	76
105	76
105	76
105	76
105	76
105	76
105	76
105	76
105	76
105	75
105	75
105	75
105	75
105	75
105	75
105	75
105	75
105	75
105	75
105	75
105	75
105	75
105	75
105	75
105	76
105	76
105	76
105	76
105	76
105	76
105	76
105	76
105	76
105	76
105	76
105	76
105	76
105	76
105	76
105	76
105	78
105	78
105	78
105	78
105	78
105	78
105	78
105	78
105	78
105	78
105	78
105	78
105	78
105	78
105	78
105	79
105	79
105	79
105	79
105	79
105	79
105	79
105	79
105	79
105	79
104	79
104	79
104	79
104	79
104	79
104	79
104	79
104	79
104	79
104	79
104	79
104	79
104	79
104	79
104	79
104	79
104	79
104	79
104	79
104	79
104	79
104	79
104	79
104	79
104	79
104	79
104	79
104	79
104	79
104	79
104	79
104	79
104	79
104	79
104	79
104	79
104	81
104	81
104	81
104	81
104	81
104	81
104	81
104	81
104	81
104	81
104	81
104	81
104	81
104	81
104	81
104	82
104	82
104	82
104	82
104	82
104	82
104	82
104	82
104	82
104	82
104	82
104	82
104	82
105	82
105	82
105	82
105	83
105	83
105	83
105	83
105	83
105	83
105	83
105	83
105	83
105	83
105	83
105	83
105	83
105	83
105	83
105	83
105	83
105	83
105	83
105	83
105	83
105	83
106	83
106	83
106	83
106	83
106	83
106	83
106	83
106	83
106	84
106	84
106	84
106	84
106	84
107	84
107	84
107	84
107	84
107	84
107	84
107	84
107	84
107	84
107	84
107	84
107	85
107	85
106	85
106	85
106	85
106	85
106	85
106	85
106	85
106	85
106	85
106	85
106	85
106	85
106	85
106	86
106	86
106	86
106	86
106	86
106	86
106	86
106	86
106	86
106	86
106	86
106	86
106	86
106	86
106	86
106	87
106	87
106	87
106	87
106	87
106	87
106	87
106	87
106	87
106	87
105	87
105	87
105	87
105	87
105	87
105	87
105	88
105	88
105	88
105	88
105	88
105	88
105	88
105	88
105	88
105	88
105	88
105	88
105	88
105	88
105	88
105	89
105	89
105	89
105	89
105	89
105	89
105	89
105	89
105	89
105	89
105	89
105	89
105	89
105	89
105	89
105	90
105	90
105	90
105	90
105	90
105	90
105	90
105	90
105	90
106	90
106	90
106	90
106	90
106	90
106	90
106	90
106	91
106	91
106	91
106	91
106	91
106	91
106	91
106	91
106	91
106	91
106	91
106	91
106	91
106	91
106	91
106	92
106	92
106	92
106	92
106	92
106	92
106	92
106	92
106	92
106	92
106	92
106	92
106	92
106	92
106	92
106	93
107	93
107	93
107	93
107	93
107	93
107	93
107	93
107	93
107	93
107	93
107	93
107	93
107	93
107	93
107	93
107	94
107	94
107	94
107	94
107	94
107	94
107	94
107	94
107	94
107	94
107	94
108	94
108	94
108	94
108	94
108	95
108	95
108	95
108	95
108	95
108	95
108	95
108	95
108	95
108	95
108	95
108	95
108	95
108	95
108	95
108	92
108	92
108	92
108	92
108	92
108	92
109	92
109	92
109	92
109	92
109	92
109	92
109	92
109	92
109	92
109	92
109	90
109	90
109	90
110	90
110	90
110	90
110	90
110	90
110	90
110	90
110	90
110	90
110	90
110	90
110	90
111	87
111	87
111	87
111	87
111	87
111	87
111	87
111	87
111	87
111	87
111	87
111	87
111	87
111	87
111	87
111	85
111	85
111	85
111	85
111	85
111	85
111	85
111	85
111	85
111	85
111	85
111	85
111	85
111	85
111	85
111	85
111	82
111	82
111	82
111	82
111	82
111	82
111	82
111	82
111	82
111	82
111	82
111	82
111	82
111	82
111	82
111	80
111	80
111	80
111	80
111	80
110	80
110	80
110	80
110	80
110	80
110	80
110	80
110	80
110	80
110	80
110	78
110	78
110	78
110	78
110	78
110	78
110	78
110	78
110	78
110	78
110	78
110	78
110	78
110	78
110	78
110	78
110	78
110	78
110	78
110	78
110	78
110	78
110	78
110	78
110	78
110	78
110	78
110	78
110	78
110	78
110	78
110	76
110	76
110	76
110	76
110	76
110	76
110	76
110	76
110	76
110	76
109	76
109	76
109	76
109	76
109	76
109	74
109	74
109	74
109	74
109	74
109	74
109	74
109	74
108	74
108	74
108	74
108	74
108	74
108	74
108	74
108	74
108	75
108	75
108	75
108	75
108	75
108	75
108	75
108	75
108	75
108	75
108	75
108	75
108	75
108	75
108	75
108	75
108	75
108	75
108	75
108	75
108	75
108	75
108	75
108	75
108	75
108	75
108	75
108	75
108	75
108	75
108	77
108	77
108	77
108	77
108	77
108	77
108	77
108	77
108	77
108	77
108	77
108	77
108	77
109	77
109	77
109	77
109	78
109	78
109	78
109	78
109	78
109	78
109	78
109	78
109	78
109	78
109	78
109	78
109	78
109	78
109	78
109	79
109	79
109	79
109	79
109	79
109	79
109	79
109	79
110	79
110	79
110	79
110	79
110	79
110	79
110	79
110	81
110	81
110	81
110	81
110	81
111	81
111	81
111	81
111	81
111	81
111	81
111	81
111	81
111	81
111	81
111	81
111	82
111	82
111	82
111	82
111	82
111	82
111	82
111	82
111	82
111	82
111	82
111	82
111	82
111	82
111	82
112	82
112	82
112	82
112	82
112	82
112	82
112	82
112	82
112	82
112	82
112	82
112	82
112	82
112	82
112	82
112	82
112	82
112	82
112	82
112	82
112	82
112	82
112	82
112	82
112	82
112	82
112	82
112	82
112	82
112	82
112	82
112	82
112	82
112	82
112	82
112	82
112	82
112	82
113	82
113	82
113	82
113	82
113	82
113	82
113	82
113	82
113	82
113	82
113	82
113	82
113	82
113	82
113	82
113	82
113	82
113	82
113	82
113	82
113	82
113	82
113	82
113	82
113	82
113	82
113	82
113	82
113	82
113	82
113	82
113	82
113	82
113	82
113	82
113	82
113	82
113	82
113	82
113	82
113	82
113	82
113	82
113	82
113	82
113	82
113	82
113	82
113	82
113	82
113	82
113	82
113	82
113	82
113	82
113	82
113	82
113	82
113	82
113	82
113	82
113	82
113	82
113	82
113	82
113	82
113	82
113	82
113	82
113	82
113	83
113	83
113	83
113	83
113	83
113	83
113	83
113	83
113	83
113	83
113	83
113	83
113	83
113	83
113	83
113	84
113	84
113	84
113	84
113	84
114	84
114	84
114	84
114	84
114	84
114	84
114	84
114	84
114	84
114	84
114	85
114	85
114	85
114	85
114	85
114	85
114	85
114	85
114	85
114	85
114	85
114	85
114	85
114	85
114	85
115	85
115	86
115	86
115	86
115	86
115	86
115	86
115	86
115	86
115	86
115	86
115	86
115	86
115	86
115	86
115	86
115	86
115	86
115	86
115	86
115	86
115	86
115	86
115	86
115	86
115	86
115	86
115	86
115	86
115	86
115	86
115	86
115	86
115	86
115	86
115	86
115	86
115	86
116	86
116	86
116	86
116	86
116	86
116	86
116	86
116	86
116	86
116	86
116	86
116	86
116	86
116	86
116	86
116	86
116	86
116	86
116	86
116	86
116	86
116	86
116	86
116	86
116	86
116	86
117	86
117	86
117	86
117	86
117	86
117	86
117	86
117	86
117	86
117	86
117	86
117	86
117	86
117	86
117	86
117	86
117	86
117	86
117	86
117	86
117	86
117	86
117	86
117	86
117	86
119	86
119	86
119	86
119	86
119	86
119	86
119	86
119	86
119	86
119	86
119	86
119	86
119	86
120	86
120	86
120	86
120	86
120	86
120	86
120	86
120	86
120	86
120	86
120	86
120	86
120	86
122	86
122	86
122	86
122	86
122	86
122	86
122	86
122	86
122	86
122	86
122	86
122	86
122	86
122	86
122	86
122	86
122	86
122	86
122	86
122	86
122	86
122	86
122	86
122	86
122	86
123	86
123	86
123	86
123	86
123	86
123	86
123	86
123	86
123	86
123	86
123	86
123	86
123	86
123	86
123	86
123	86
123	86
123	86
123	86
123	86
123	86
123	86
123	86
123	86
123	86
123	86
123	86
123	86
123	86
123	86
123	86
123	86
123	86
123	86
123	86
123	86
123	86
123	86
123	86
124	86
124	86
124	86
124	86
124	86
124	86
124	86
124	86
124	86
124	86
124	86
124	86
124	86
124	86
124	86
124	86
124	86
124	86
124	86
124	86
124	86
124	86
124	86
124	86
124	86
124	86
124	86
124	86
124	86
124	86
124	86
124	86
124	86
124	86
124	86
124	86
124	86
124	86
124	86
124	86
124	86
124	86
124	86
124	86
124	86
124	86
124	86
124	86
124	86
124	86
124	86
124	86
124	86
124	86
124	86
124	86
124	86
124	86
124	86
124	86
124	86
124	86
124	86
124	86
124	86
124	86
124	86
124	86
124	86
124	86
124	86
124	86
124	86
124	86
124	86
124	86
124	86
124	86
124	86
124	86
124	86
124	86
124	86
124	86
124	86
124	86
124	86
124	86
124	86
124	86
124	86
124	86
124	86
124	86
124	86
124	86
124	86
124	86
124	86
124	86
124	86
124	86
124	86
124	86
124	86
124	86
124	86
124	86
124	86
124	86
124	86
124	86
124	86
124	86
123	86
123	86
123	86
123	86
123	86
123	86
123	86
123	86
123	86
123	86
123	86
123	86
123	86
123	86
123	86
123	86
123	86
123	86
123	86
123	86
123	86
123	86
123	86
123	86
123	86
123	86
123	86
123	86
123	86
123	86
123	86
123	86
123	86
123	86
123	86
123	86
123	86
123	86
123	86
123	86
123	86
123	86
123	86
123	86
123	86
123	86
123	86
123	86
123	86
123	86
123	86
122	86
122	86
122	86
122	86
122	86
122	86
122	86
122	86
122	86
122	86
122	86
122	86
122	86
122	86
122	86
122	86
122	86
122	86
122	86
122	86
122	86
122	86
122	86
122	86
122	86
121	86
121	86
121	86
121	86
121	86
121	86
121	86
121	86
121	86
121	86
121	86
121	86
121	86
121	86
120	86
120	86
120	86
120	86
120	86
120	86
120	86
120	86
120	86
120	86
120	86
120	86
120	86
120	86
120	86
120	86
120	86
120	86
120	86
120	86
120	86
120	86
120	86
120	86
120	86
120	86
120	86
120	86
120	86
120	86
120	86
120	86
120	86
120	86
120	86
120	86
120	86
120	86
119	86
119	86
119	86
119	86
119	86
119	86
119	86
119	86
119	86
119	86
119	86
119	86
121	86
121	86
121	86
121	86
121	86
121	86
121	86
121	86
121	86
121	86
121	86
121	86
121	86
122	86
122	86
122	86
122	86
122	86
122	86
122	86
122	86
122	86
122	86
122	86
122	86
122	86
123	86
123	87
123	87
123	87
123	87
123	87
123	87
123	87
123	87
123	87
123	87
123	87
123	87
123	87
123	87
123	87
123	87
123	87
123	87
123	87
123	87
123	87
123	87
123	87
123	87
124	87
124	87
124	87
124	87
124	87
124	87
124	87
124	88
124	88
124	88
124	88
124	88
124	88
125	88
125	88
125	88
125	88
125	88
125	88
125	88
125	88
125	88
125	88
125	88
125	88
125	88
126	88
126	88
126	88
126	88
126	88
126	88
126	88
126	88
126	88
126	88
126	88
126	88
126	88
127	88
127	88
127	88
127	88
127	88
127	88
127	88
127	88
127	88
127	88
127	88
127	88
128	88
128	88
128	88
128	88
128	88
128	88
128	88
128	88
128	88
128	88
128	88
128	88
128	88
128	88
128	88
128	88
128	88
128	88
128	88
128	88
128	88
128	88
128	88
128	88
128	88
128	88
128	88
128	88
128	88
128	88
128	88
128	88
128	88
128	89
128	89
128	89
128	89
128	89
129	89
129	89
129	89
129	89
129	89
129	89
129	89
129	89
129	89
129	89
129	89
129	89
129	89
129	89
129	89
129	89
129	89
129	89
129	89
129	89
129	89
129	89
129	89
129	89
129	89
129	89
129	89
129	89
129	89
129	89
129	89
129	89
129	89
129	89
129	89
129	89
129	89
129	89
129	89
130	89
130	89
130	89
130	89
130	89
130	89
130	89
130	89
130	89
130	89
130	89
130	89
130	89
129	89
129	89
129	89
129	89
129	89
129	89
129	89
129	89
129	89
129	89
129	89
129	89
128	89
128	89
128	89
128	89
128	89
128	89
128	89
128	89
128	89
128	89
128	89
128	89
128	89
127	89
127	89
127	89
127	89
127	89
127	89
127	89
127	89
127	89
127	89
127	89
127	89
127	89
125	89
125	89
125	89
125	89
125	89
125	89
125	89
125	89
125	89
125	89
125	89
125	89
124	89
124	89
124	89
124	89
124	89
124	89
124	89
124	89
124	89
124	89
124	89
124	89
124	89
124	89
124	89
124	89
124	89
124	89
124	89
124	89
124	89
124	89
124	89
124	89
124	89
124	89
125	89
125	89
125	89
125	89
125	89
125	90
125	90
125	90
125	90
125	90
125	90
125	90
125	90
125	90
125	90
125	90
125	90
125	90
125	90
125	90
125	91
125	91
125	91
125	91
125	91
125	91
125	91
125	91
125	91
125	91
125	91
125	91
126	91
126	91
126	91
126	92
126	92
126	92
127	92
127	92
127	92
127	92
127	92
127	92
127	92
127	92
127	92
127	92
127	92
127	92
127	92
128	92
128	92
128	92
128	92
128	92
128	92
128	92
128	92
128	92
128	92
128	92
128	92
128	92
129	92
129	92
129	93
129	93
129	93
129	93
129	93
129	93
129	93
129	93
129	93
129	93
130	93
130	93
130	93
130	93
130	93
130	95
130	95
130	95
130	95
130	95
130	95
130	95
130	95
131	95
131	95
131	95
131	95
131	95
131	95
131	95
131	95
131	97
131	97
131	97
131	97
131	97
131	97
131	97
131	97
131	97
131	97
131	97
131	97
131	97
131	97
131	97
131	98
131	98
132	98
132	98
132	98
132	98
132	98
132	98
132	98
132	98
132	98
132	98
132	98
132	98
132	98
132	100
131	100
131	100
131	100
131	100
131	100
131	100
131	100
131	100
131	100
131	100
131	100
131	100
131	100
131	100
131	100
131	102
131	102
131	102
131	102
131	102
131	102
131	102
131	102
131	102
131	102
130	102
130	102
130	102
130	102
130	102
130	103
130	103
130	103
130	103
130	103
130	103
130	103
130	103
129	103
129	103
129	103
129	103
129	103
129	103
129	103
129	103
129	103
129	103
129	103
129	103
128	103
128	103
128	103
128	103
128	103
128	103
128	103
128	103
128	103
128	103
128	103
128	103
128	103
128	103
128	103
128	103
128	103
128	103
128	103
128	103
128	103
128	103
128	103
128	103
128	103
128	103
128	103
128	103
128	103
128	103
128	103
128	103
128	103
128	103
128	103
128	103
128	103
128	103
127	103
127	103
127	103
127	103
127	103
127	103
127	103
127	103
127	103
127	103
127	103
127	103
127	103
127	103
127	103
127	103
127	103
127	103
127	103
127	103
127	103
127	103
127	103
127	103
127	103
127	103
127	103
127	103
127	103
127	103
127	103
127	103
127	103
127	103
127	104
127	104
127	104
127	104
127	104
126	104
126	104
126	104
126	104
126	104
126	104
126	104
126	104
126	104
126	104
126	106
126	106
126	106
121	106
121	106
121	106
121	106
121	106
121	106
121	106
121	106
121	106
121	106
121	106
121	106
118	106
118	106
118	106
118	106
118	106
118	106
118	106
118	106
118	106
118	106
118	106
118	106
118	106
117	106
117	106
117	106
117	106
117	106
117	106
117	106
117	106
117	106
117	106
117	106
117	106
117	106
117	106
117	106
117	106
117	106
117	106
117	106
117	106
117	106
117	106
117	106
117	106
117	106
118	106
118	106
118	106
118	106
118	106
118	106
118	106
118	106
118	106
118	106
118	106
118	106
118	106
118	106
118	106
118	106
118	106
118	106
118	106
118	106
118	106
118	106
118	106
118	106
118	106
118	106
119	106
119	106
119	106
119	106
119	106
119	106
119	106
119	106
119	106
119	106
119	106
119	106
119	106
119	106
119	106
119	106
119	106
119	106
119	106
119	106
119	106
119	106
119	106
119	106
119	106
119	106
119	106
119	106
119	106
119	106
119	106
119	106
119	106
119	106
119	106
119	106
119	106
119	106
119	106
119	106
119	106
119	106
119	106
119	106
119	104
119	104
119	104
119	104
119	104
119	104
119	104
119	104
119	104
119	104
119	104
119	104
119	104
119	104
119	104
119	104
119	104
119	104
119	104
119	104
119	104
119	104
119	104
119	104
119	104
119	104
119	104
119	104
119	104
119	104
119	104
119	104
119	104
119	104
119	104
119	104
119	104
119	104
119	104
119	104
119	104
119	104
119	104
119	104
119	104
119	104
119	102
119	102
119	102
119	102
119	102
119	102
119	102
119	102
119	102
119	102
119	102
119	102
119	102
119	102
119	102
119	100
119	100
119	100
119	100
119	100
119	100
119	100
119	100
119	100
119	100
120	100
120	100
120	100
120	100
120	100
120	100
120	98
120	98
120	98
120	98
120	98
120	98
120	98
120	98
120	98
120	98
120	98
120	98
120	98
120	98
120	98
120	98
120	98
120	98
120	98
120	98
120	98
120	98
120	98
120	98
120	98
120	98
120	98
120	98
120	98
120	98
120	97
120	97
120	97
120	97
120	97
120	97
120	97
120	97
120	97
120	97
120	97
120	97
120	97
120	97
120	97
120	97
120	97
120	97
120	97
120	97
120	97
120	97
120	97
120	97
120	97
120	97
120	97
120	97
120	97
120	97
120	97
120	95
120	95
120	95
120	95
120	95
120	95
120	95
120	95
120	95
120	95
120	95
120	95
120	95
120	95
120	95
120	94
120	94
120	94
120	94
120	94
120	94
120	94
120	94
120	94
120	94
120	94
120	94
120	94
120	94
120	94
120	94
120	94
120	94
120	94
120	94
121	94
121	94
121	94
121	94
121	94
121	94
121	94
121	94
121	94
121	94
121	94
121	94
121	94
121	94
121	94
121	94
121	94
121	94
121	94
121	94
121	94
121	94
121	94
121	94
121	94
120	94
120	94
120	94
120	94
120	94
120	94
120	94
120	94
120	94
120	94
120	94
120	94
120	94
120	94
120	94
120	94
120	94
120	94
120	94
120	94
120	94
120	94
120	94
120	94
120	94
120	94
120	94
120	94
120	94
120	94
120	94
120	94
120	94
120	94
120	94
120	94
120	94
120	94
120	94
120	94
120	94
120	94
120	94
120	94
120	94
120	94
120	94
120	94
120	94
120	94
120	94
121	94
121	94
121	94
121	94
121	94
121	94
121	94
121	94
121	94
121	94
121	94
121	94
121	94
121	94
121	94
121	94
121	94
121	94
121	94
121	94
121	94
121	94
121	94
121	94
121	94
121	94
121	94
121	95
121	95
121	95
121	95
121	95
121	95
121	95
121	95
121	95
121	95
121	95
121	95
121	95
121	95
121	95
121	96
121	96
121	96
121	96
121	96
121	96
121	96
121	96
121	96
121	96
121	96
121	96
121	96
121	96
121	96
121	96
121	96
121	96
121	96
121	96
121	96
121	96
121	96
121	96
121	96
121	96
121	96
121	96
121	96
121	96
121	96
121	96
121	96
121	96
120	96
120	96
120	96
120	96
120	96
120	96
120	96
120	96
120	96
120	96
120	96
120	96
120	96
120	96
120	96
120	96
120	96
120	96
120	96
120	96
120	96
120	96
120	96
120	96
120	96
120	96
120	96
120	96
120	95
120	95
120	95
120	95
120	95
120	95
120	95
120	95
120	95
120	95
120	95
120	95
120	95
120	95
120	95
120	94
120	94
120	94
120	94
120	94
120	94
120	94
120	94
120	94
120	94
120	94
120	94
120	94
120	94
120	94
120	92
120	92
120	92
120	92
120	92
120	92
120	92
119	92
119	92
119	92
119	92
119	92
119	92
119	92
119	92
119	92
119	92
119	92
119	92
118	92
118	92
118	92
118	92
118	92
118	92
118	92
118	92
118	92
118	92
118	92
118	92
118	92
117	92
117	92
117	92
117	92
117	92
117	92
117	92
117	92
117	92
117	92
117	92
117	92
117	92
117	92
117	92
117	92
117	92
117	92
117	92
117	92
117	92
117	92
117	92
117	92
117	92
116	92
116	92
116	92
116	92
116	92
116	92
116	92
116	92
116	92
116	92
116	92
116	92
116	92
116	92
116	92
116	92
116	92
116	92
116	92
116	92
116	92
116	92
116	92
116	92
116	92
115	92
115	92
115	92
115	92
115	92
115	92
115	92
115	92
115	92
115	92
115	92
115	92
115	92
115	92
115	92
115	92
115	92
115	92
115	92
115	92
115	92
115	92
115	92
115	92
115	92
115	92
115	92
115	92
115	92
115	92
115	92
115	92
115	92
115	92
115	92
115	92
115	92
115	92
115	92
114	92
114	92
114	92
114	92
114	92
114	92
114	92
114	92
114	92
114	92
114	92
114	92
114	92
113	92
113	92
113	92
113	92
113	92
113	92
113	92
113	92
113	92
113	92
113	92
113	92
112	92
112	92
112	92
112	92
112	92
112	92
112	92
112	92
112	92
112	92
112	92
112	92
112	92
111	92
111	92
111	92
111	92
111	92
111	92
111	92
111	92
111	92
111	92
111	92
111	92
111	92
111	92
111	92
111	92
111	92
111	92
111	92
111	92
111	92
111	92
111	92
111	92
111	92
110	92
110	92
110	92
110	92
110	92
110	92
110	92
110	92
110	92
110	92
110	92
110	92
110	92
110	92
110	92
110	92
110	92
110	92
110	92
110	92
110	92
110	92
110	92
110	92
110	92
110	92
111	92
111	92
111	92
111	92
111	92
111	92
111	92
111	92
111	92
111	92
111	92
111	92
111	92
112	92
112	92
112	92
112	92
112	92
112	92
112	92
112	92
112	92
112	92
112	92
112	92
112	92
112	92
112	92
112	92
112	92
112	92
112	92
112	92
112	92
112	92
112	92
112	92
112	92
111	92
111	92
111	92
111	92
111	92
111	92
111	92
111	92
111	92
111	92
111	92
111	92
111	92
111	92
111	92
111	92
111	92
111	92
111	92
111	92
111	92
111	92
111	92
111	92
111	92
111	92
111	92
111	92
111	92
111	92
111	92
111	92
111	92
111	92
111	92
111	92
111	92
111	92
110	92
110	92
110	92
110	92
110	92
110	92
110	92
110	92
110	92
110	92
110	92
110	92
110	92
109	92
109	92
109	92
109	92
109	92
109	92
109	92
109	92
109	92
109	92
109	92
109	92
109	92
108	92
108	92
108	92
108	92
108	92
108	92
108	92
108	92
108	92
108	92
108	92
108	92
108	92
108	92
108	92
108	92
108	92
108	92
108	92
108	92
108	92
108	92
108	92
108	92
108	92
108	92
109	92
109	92
109	92
109	92
109	92
109	92
109	92
109	92
109	92
109	92
109	92
109	92
110	92
110	92
110	92
110	92
110	92
110	92
110	92
110	92
110	92
110	92
110	92
110	92
110	92
110	92
110	92
110	92
110	92
110	92
110	92
110	92
110	92
110	92
110	92
110	92
110	92
110	92
110	92
110	92
110	92
110	92
110	92
110	92
110	92
110	92
110	92
110	92
110	92
110	92
110	92
110	92
110	92
110	92
110	92
110	92
110	92
110	92
110	92
110	92
110	92
110	92
110	92
110	92
110	92
110	92
110	92
110	92
110	92
110	92
110	92
110	92
110	92
110	92
110	92
110	92
112	92
112	92
112	92
112	92
112	92
112	92
112	92
112	92
112	92
112	92
112	92
112	92
112	92
112	92
112	92
112	92
112	92
112	92
112	92
112	92
112	92
112	92
112	92
112	92
112	92
112	92
113	92
113	92
113	92
113	92
113	92
113	92
113	92
113	92
113	92
113	92
113	92
113	92
113	92
113	92
113	92
113	92
113	92
113	92
113	92
113	92
113	92
113	92
113	92
113	92
113	92
114	92
114	92
114	92
114	92
114	92
114	92
114	92
114	92
114	92
114	92
114	93
114	93
114	93
114	93
114	93
114	93
114	93
114	93
114	93
114	93
114	93
114	93
114	93
114	93
114	93
114	93
114	94
114	94
114	94
114	94
114	94
114	94
114	94
114	94
114	94
114	94
114	94
114	94
115	94
115	94
115	94
115	94
115	94
115	94
115	94
115	94
115	94
115	94
115	94
115	94
115	94
115	94
115	94
115	94
115	94
115	94
115	93
115	93
115	93
115	93
115	93
115	93
115	93
116	93
116	93
116	93
116	93
116	93
116	93
116	93
116	93
116	93
116	93
116	93
116	93
116	93
116	93
117	93
117	93
117	93
117	93
117	93
117	93
117	93
117	93
117	93
117	93
117	92
117	92
116	92
116	92
116	92
116	92
116	92
116	92
116	92
116	92
116	92
116	92
116	92
116	92
116	92
115	92
115	92
115	92
115	92
115	92
115	92
115	92
115	92
115	92
115	92
115	92
115	92
115	92
113	92
113	92
113	92
113	92
113	92
113	92
113	92
113	92
113	92
113	92
113	92
113	92
113	92
113	92
113	92
113	92
113	92
113	92
113	92
111	92
111	92
111	92
111	92
111	92
111	92
111	92
111	92
111	92
111	92
111	92
111	92
109	92
109	92
109	92
109	92
109	92
109	92
109	92
109	92
109	92
109	92
109	92
109	92
109	92
108	92
108	92
108	92
108	92
108	92
108	92
108	92
108	92
108	92
108	92
108	92
108	92
108	92
107	92
107	92
107	92
107	92
107	92
107	92
107	92
107	92
107	92
107	92
107	92
107	92
107	92
107	92
107	92
107	92
107	92
107	92
107	92
107	92
107	92
107	92
107	92
107	92
107	92
107	92
106	92
106	92
106	92
106	92
106	92
106	92
106	92
106	92
106	92
106	92
106	92
106	92
106	92
106	92
106	92
106	92
106	92
106	92
106	92
106	92
106	92
106	92
106	92
106	92
106	92
106	92
106	92
106	92
106	92
106	92
106	92
106	92
106	92
106	92
106	92
106	92
106	92
106	92
105	92
105	92
105	92
105	92
105	92
105	92
105	92
105	92
105	92
105	92
105	92
105	92
105	92
105	92
105	92
105	92
105	92
105	92
105	92
105	92
105	91
105	91
105	91
105	91
105	91
105	91
105	91
105	91
105	91
105	91
105	91
105	91
105	91
105	91
105	91
105	90
105	90
105	90
104	90
104	90
104	90
104	90
104	90
104	90
104	90
104	90
104	90
104	90
104	90
104	90
104	89
104	89
104	89
104	89
104	89
104	89
104	89
104	89
104	89
104	89
104	89
104	89
104	89
104	89
104	89
104	89
104	86
104	86
104	86
104	86
104	86
104	86
104	86
104	86
104	86
104	86
103	86
103	86
103	86
103	86
103	86
103	83
103	83
103	83
103	83
103	83
103	83
103	83
103	83
102	83
102	83
102	83
102	83
102	83
102	83
102	83
102	83
102	81
102	81
102	81
102	81
102	81
102	81
102	81
102	81
102	81
102	81
102	81
102	81
102	81
102	81
102	81
102	79
102	79
102	79
102	79
102	79
102	79
102	79
102	79
102	79
102	79
102	79
102	79
102	79
102	79
102	79
102	79
102	79
102	79
102	79
102	79
102	79
102	79
102	79
102	79
102	79
102	79
102	79
102	79
103	79
103	79
103	79
103	79
103	79
103	79
103	79
103	79
103	79
103	79
103	79
103	79
103	79
105	79
105	79
105	79
105	79
105	79
105	77
105	77
105	77
105	77
105	77
105	77
105	77
105	77
108	77
108	77
108	77
108	77
108	77
108	77
108	77
108	75
108	75
108	75
108	75
108	75
109	75
109	75
109	75
109	75
109	75
109	75
109	75
109	75
109	75
109	75
109	75
109	75
109	75
110	75
110	75
110	75
110	75
110	75
110	75
110	75
110	75
110	75
110	75
110	75
110	75
110	75
110	73
110	73
110	73
110	73
110	73
110	73
110	73
110	73
110	73
110	73
110	73
110	73
109	73
109	73
109	73
109	73
109	73
109	73
109	73
109	73
109	73
109	73
109	73
109	73
109	73
108	73
108	73
108	73
108	73
108	73
108	74
108	74
108	74
108	74
108	74
108	74
108	74
108	74
107	74
107	74
107	74
107	74
107	74
107	74
107	74
107	74
107	74
107	74
107	74
107	74
107	74
107	74
107	74
107	74
107	74
107	74
107	74
107	74
107	74
107	74
107	74
107	76
107	76
107	76
105	76
105	76
105	76
105	76
105	76
105	76
105	76
105	76
105	76
105	76
105	76
105	76
105	77
105	77
105	77
105	77
105	77
105	77
105	77
105	77
105	77
105	77
105	77
105	77
105	77
104	77
104	77
104	77
104	78
104	78
104	78
104	78
104	78
104	78
104	78
104	78
104	78
104	78
103	78
103	78
103	78
103	78
103	78
103	79
103	79
103	79
103	79
103	79
103	79
103	79
103	79
103	79
103	79
103	79
103	79
103	79
103	79
103	79
103	79
103	79
103	79
103	79
103	79
103	79
103	79
103	79
103	79
103	79
103	79
103	79
103	79
103	79
103	79
103	79
103	79
103	79
104	79
104	79
104	79
104	79
104	79
104	79
104	79
104	79
104	79
104	79
104	79
104	79
104	79
105	79
105	79
105	79
105	79
105	79
105	79
105	79
105	79
105	79
105	79
105	79
105	79
105	79
106	79
106	79
106	79
106	79
106	79
106	79
106	79
106	79
106	79
106	79
106	79
106	79
108	79
108	79
108	79
108	79
108	79
108	79
108	79
108	79
108	79
108	79
108	79
108	79
108	79
108	79
108	79
108	79
108	79
108	79
108	79
108	79
108	79
108	79
108	79
108	79
108	79
108	79
110	79
110	79
110	79
110	79
110	79
110	79
110	79
110	79
110	79
110	79
110	79
110	79
111	79
111	79
111	79
111	79
111	79
111	79
111	79
111	79
111	79
111	79
111	79
111	79
111	79
111	79
111	79
111	79
111	79
111	79
111	79
111	79
111	79
111	79
111	79
111	79
111	79
111	79
111	79
111	79
111	79
111	81
111	81
111	81
111	81
111	81
111	81
111	81
111	81
111	81
111	81
110	81
110	81
110	81
110	81
110	81
110	82
110	82
110	82
110	82
110	82
110	82
110	82
110	82
109	82
109	82
109	82
109	82
109	82
109	82
109	82
109	82
109	83
109	83
109	83
109	83
109	83
109	83
109	83
109	83
109	83
109	83
109	83
109	83
109	83
109	83
109	83
109	84
109	84
108	84
108	84
108	84
108	84
108	84
108	84
108	84
108	84
108	84
108	84
108	84
108	84
108	84
108	85
108	85
108	85
108	85
108	85
108	85
108	85
108	85
108	85
108	85
108	85
108	85
108	85
108	85
108	85
108	85
108	86
108	86
108	86
108	86
108	86
108	86
108	86
108	86
108	86
108	86
108	86
108	86
108	86
108	86
108	86
108	86
108	86
108	86
108	86
108	86
108	86
107	86
107	86
107	86
107	86
107	86
107	86
107	86
107	86
107	86
107	86
107	86
107	86
107	86
107	86
107	86
107	86
107	86
107	86
107	86
107	86
107	86
107	86
107	86
107	86
107	86
107	87
107	87
107	87
107	87
107	87
107	87
107	87
107	87
107	87
107	87
107	87
107	87
107	87
107	87
107	87
107	87
107	87
107	87
107	87
107	87
107	87
107	87
107	87
107	87
107	87
107	87
107	87
107	87
107	87
107	87
107	87
107	87
107	87
107	87
107	87
107	87
107	87
107	87
107	87
107	87
109	87
109	87
109	87
109	87
109	87
109	87
109	87
109	87
109	87
109	87
109	87
109	87
111	87
111	87
111	87
111	87
111	87
111	87
111	87
111	87
111	87
111	87
111	87
111	87
111	87
112	87
112	87
112	87
112	87
112	87
112	87
112	87
112	87
112	87
112	87
112	87
112	87
111	87
111	87
111	87
111	87
111	87
111	87
111	87
111	87
111	87
111	87
111	87
111	87
111	87
111	87
109	87
109	87
109	87
109	87
109	87
109	87
109	87
109	87
109	87
109	87
109	87
109	87
109	87
107	87
107	87
107	87
107	87
107	87
107	87
107	87
107	87
107	87
107	87
107	87
107	87
106	87
106	87
106	87
106	87
106	87
106	87
106	87
106	87
106	87
106	87
106	87
106	87
106	87
106	87
106	87
106	87
106	87
106	87
106	87
106	87
106	87
106	87
106	87
106	87
106	87
106	87
105	87
105	87
105	87
105	87
105	87
105	87
105	87
105	87
105	87
105	87
105	87
105	87
105	87
105	87
105	87
105	87
105	87
105	87
105	87
105	87
105	87
105	87
105	87
105	87
105	87
105	87
105	87
105	88
105	88
105	88
105	88
105	88
105	88
105	88
105	88
105	88
105	88
105	88
106	88
106	88
106	88
106	88
106	88
106	88
106	88
106	88
106	88
106	88
106	88
106	88
106	88
106	88
106	88
106	88
106	88
106	88
106	88
106	88
106	88
106	88
106	88
106	88
106	88
106	88
106	88
106	88
106	88
106	88
106	88
106	88
106	88
106	88
106	88
106	88
106	88
106	88
107	88
107	88
107	88
107	88
107	88
107	88
107	88
107	88
107	88
107	88
107	88
107	88
107	88
108	88
108	88
108	88
108	88
108	88
108	88
108	88
108	88
108	88
108	88
108	88
108	88
108	88
110	88
110	89
110	89
110	89
110	89
110	89
110	89
110	89
110	89
110	89
110	89
110	89
110	89
110	89
110	89
110	89
110	89
110	90
110	90
110	90
110	90
110	90
110	90
110	90
110	90
109	90
109	90
109	90
109	90
109	90
109	90
109	90
109	91
109	91
109	91
109	91
109	91
109	91
107	91
107	91
107	91
107	91
107	91
107	91
107	91
107	91
107	91
107	92
107	92
107	92
107	92
106	92
106	92
106	92
106	92
106	92
106	92
106	92
106	92
106	92
106	92
106	92
106	92
106	93
104	93
104	93
104	93
104	93
104	93
104	93
104	93
104	93
104	93
104	93
104	93
104	93
102	93
102	93
102	94
102	94
102	94
102	94
102	94
102	94
102	94
102	94
102	94
102	94
102	94
101	94
101	94
101	94
101	94
101	94
101	94
101	94
101	94
101	94
101	94
101	94
101	94
101	94
101	94
101	94
101	94
101	94
101	94
101	94
101	94
101	94
101	94
101	94
101	94
101	94
101	94
101	94
101	94
101	94
101	94
101	94
101	94
101	94
101	94
101	94
101	95
101	95
101	95
102	95
102	95
102	95
102	95
102	95
102	95
102	95
102	95
102	95
102	95
102	95
102	95
102	95
103	95
103	95
103	95
103	95
103	95
103	95
103	95
103	95
103	95
103	95
103	95
103	95
103	95
103	95
103	95
103	95
103	95
103	95
103	95
103	95
103	95
103	95
103	95
103	95
103	95
103	95
103	95
103	95
103	95
103	95
103	96
103	96
103	96
103	96
103	96
103	96
103	96
103	96
103	96
103	96
103	96
103	96
103	96
103	96
103	96
103	96
103	96
103	96
103	96
103	96
103	96
103	96
103	96
103	96
103	96
103	96
103	96
103	96
103	96
103	96
103	96
103	96
103	96
103	96
102	96
102	96
102	96
102	96
102	96
102	96
102	96
102	96
102	96
102	96
102	96
102	96
102	97
102	97
102	97
102	97
102	97
102	97
102	97
102	97
102	97
102	97
102	97
102	97
102	97
102	97
102	97
102	97
102	97
102	97
102	97
102	97
102	97
102	97
102	97
102	97
102	97
102	97
102	97
102	97
102	97
102	97
102	97
102	97
102	97
102	97
102	97
102	97
102	97
102	97
102	97
103	97
103	97
103	97
103	97
103	97
103	97
103	97
103	97
103	97
103	97
103	97
103	97
103	97
103	97
103	97
103	97
103	97
103	97
103	97
103	97
103	97
103	97
103	97
103	97
103	97
102	97
102	97
102	97
102	97
102	97
102	97
102	97
102	97
102	97
102	97
102	97
102	97
102	97
101	97
101	97
101	97
101	97
101	97
101	97
101	97
101	97
101	97
101	97
101	97
101	97
101	97
100	97
100	97
100	97
100	97
100	97
100	97
100	97
100	97
100	97
100	97
100	97
100	97
98	97
98	97
98	97
98	97
98	97
98	97
98	97
98	97
98	97
98	97
98	97
98	97
98	97
98	97
98	97
98	97
98	97
98	97
98	97
98	97
98	97
98	97
98	97
98	97
98	97
98	97
98	97
98	97
98	97
98	97
98	97
98	97
98	97
98	97
98	97
98	97
98	97
98	97
98	97
98	97
98	97
98	97
98	97
98	97
98	97
98	97
98	97
98	97
98	97
98	97
98	97
98	97
100	97
100	97
100	97
100	97
100	97
100	97
100	97
100	97
100	97
100	97
100	97
100	97
101	97
101	97
101	97
101	97
101	97
101	97
101	97
101	97
101	97
101	97
101	97
101	97
101	97
102	97
102	97
102	97
102	97
102	97
102	97
102	97
102	97
102	97
102	97
102	97
102	97
102	97
103	97
103	97
103	97
103	97
103	97
103	97
103	97
103	97
103	97
103	97
103	97
103	97
104	97
104	97
104	97
104	97
104	97
104	97
104	97
104	97
104	97
104	97
104	97
104	98
104	98
105	98
105	98
105	98
105	98
105	98
105	98
105	98
105	98
105	98
105	98
105	98
105	98
105	98
106	98
106	98
106	98
106	98
106	98
106	98
106	98
106	98
106	98
106	98
106	98
106	98
106	98
108	98
108	98
108	98
108	99
108	99
108	99
108	99
108	99
108	99
108	99
108	99
108	99
108	99
109	99
109	99
109	99
109	99
109	99
109	99
109	99
109	99
109	99
109	99
109	99
109	99
109	99
109	99
109	99
109	99
109	99
109	99
109	99
109	99
109	100
109	100
109	100
109	100
109	100
108	100
108	100
108	100
108	100
108	100
108	100
108	100
108	100
108	100
108	100
108	100
108	101
108	101
107	101
107	101
107	101
107	101
107	101
107	101
107	101
107	101
107	101
107	101
107	101
107	101
105	101
105	102
105	102
105	102
105	102
105	102
105	102
105	102
105	102
105	102
105	102
105	102
105	102
105	102
105	102
105	102
105	102
105	102
105	102
105	102
105	102
105	102
105	102
105	102
105	102
105	102
105	102
105	102
105	102
105	102
105	102
105	102
105	103
105	103
105	103
105	103
105	103
105	103
105	103
105	103
105	103
105	103
105	103
105	103
105	103
105	103
105	103
105	103
105	103
105	103
105	103
105	103
106	103
106	103
106	103
106	103
106	103
106	103
106	103
106	103
106	103
106	103
106	103
106	103
107	103
107	103
107	103
107	103
107	103
107	103
107	103
107	103
107	103
107	103
107	103
107	103
107	103
107	103
107	104
107	104
107	104
107	104
107	104
107	104
107	104
107	104
107	104
107	104
107	104
107	104
108	104
108	104
108	104
108	104
108	104
108	104
108	104
108	104
108	104
108	104
108	104
108	104
108	104
108	104
108	104
108	104
108	104
108	104
108	104
108	104
108	104
108	104
108	104
108	104
108	104
109	104
109	104
109	104
109	104
109	104
109	104
109	104
109	104
109	104
109	104
109	104
109	104
109	104
110	104
110	104
110	104
110	104
110	104
110	104
110	104
110	104
110	104
110	104
110	104
110	104
110	104
110	104
110	104
110	104
110	104
110	104
110	104
110	104
110	104
110	104
110	104
110	104
110	104
110	104
110	104
110	104
110	104
110	104
110	104
110	104
110	104
110	104
110	104
110	104
110	104
110	104
110	104
110	104
110	104
110	104
110	104
110	104
110	104
110	104
110	104
110	104
110	104
110	104
110	104
109	104
109	104
109	104
109	104
109	104
109	104
109	104
109	104
109	104
109	104
109	104
109	104
109	104
108	104
108	104
108	104
108	104
108	104
108	104
108	104
108	104
108	104
108	104
108	104
108	104
108	104
108	104
108	104
108	104
108	104
108	104
108	104
108	104
108	104
108	104
108	104
108	104
108	104
110	104
110	104
110	104
110	104
110	104
110	104
110	104
110	104
110	104
110	104
110	104
110	104
110	104
112	104
112	104
112	104
112	104
112	104
112	104
112	104
112	104
112	104
112	104
112	104
112	104
112	104
113	104
113	104
113	104
113	104
113	104
113	104
113	104
113	104
113	104
113	104
113	104
113	104
113	104
113	104
113	104
113	104
113	104
113	104
113	104
113	104
113	104
113	104
113	104
113	104
113	104
112	104
112	104
112	104
112	104
112	104
112	104
112	104
112	104
112	104
112	104
112	104
112	104
112	104
111	104
111	104
111	104
111	104
111	104
111	104
111	104
111	104
111	104
111	104
111	104
111	104
111	104
109	104
109	104
109	104
109	104
109	104
109	104
109	104
109	104
109	104
109	104
109	104
109	104
108	104
108	104
108	104
108	104
108	104
108	104
108	104
108	104
108	104
108	104
108	104
108	104
108	104
107	104
107	104
107	104
107	104
107	104
107	104
107	104
107	104
107	104
107	104
107	104
107	104
107	104
106	104
106	104
106	104
106	104
106	104
106	104
106	104
106	104
106	104
106	104
106	104
106	104
106	104
105	104
105	104
105	104
105	104
105	104
105	104
105	104
105	104
105	104
105	104
105	104
105	104
105	104
106	104
106	104
106	104
106	104
106	104
106	104
106	104
106	104
106	104
106	104
106	104
106	104
106	104
106	104
106	104
106	104
106	104
106	104
106	104
106	104
106	104
106	104
106	104
106	104
106	104
106	104
106	104
106	104
106	104
106	104
106	104
106	104
106	104
106	104
106	104
106	104
106	104
106	104
107	104
107	104
107	104
107	104
107	104
107	104
107	104
107	104
107	104
107	104
107	104
107	104
108	104
108	104
108	104
108	104
108	104
108	104
108	104
108	104
108	104
108	104
108	104
108	104
108	104
109	104
109	104
109	104
109	104
109	104
109	104
109	104
109	104
109	104
109	104
109	104
109	104
109	104
109	104
109	104
109	104
109	104
109	104
109	104
109	104
109	104
109	104
109	104
109	104
109	104
109	104
108	104
108	104
108	104
108	104
108	104
108	104
108	104
108	104
108	104
108	104
108	104
108	104
108	104
107	104
107	102
107	102
107	102
107	102
107	102
107	102
107	102
107	102
107	102
107	102
107	102
106	102
106	102
106	102
106	102
106	101
106	101
106	101
106	101
106	101
106	101
106	101
106	101
106	101
105	101
105	101
105	101
105	101
105	101
105	101
105	101
105	99
105	99
105	99
105	99
105	99
105	99
105	99
105	99
105	99
105	99
105	99
105	99
105	99
105	99
105	99
105	98
105	98
105	98
105	98
105	98
105	98
105	98
105	98
105	98
105	98
105	98
105	98
105	98
105	98
105	98
105	96
106	96
106	96
106	96
106	96
106	96
106	96
106	96
106	96
106	96
106	96
106	96
106	96
106	96
106	96
106	96
106	96
106	96
106	96
106	96
106	96
106	96
106	96
106	96
106	96
106	96
106	96
106	96
106	96
106	96
106	96
106	96
106	96
106	96
106	96
106	96
106	96
106	96
106	96
106	96
104	96
104	96
104	96
104	96
104	96
104	96
104	96
104	96
104	96
104	96
104	96
104	96
103	96
103	96
103	96
103	96
103	96
103	96
103	96
103	96
103	96
103	96
103	96
103	96
103	96
103	96
103	96
103	96
103	96
103	96
103	96
103	96
103	96
103	96
103	96
103	96
103	96
103	96
103	96
103	96
103	96
103	96
103	96
103	96
103	96
103	96
103	96
103	96
103	96
103	96
103	96
103	96
103	97
103	97
103	97
103	97
103	97
103	97
103	97
103	97
103	97
103	97
103	97
104	97
104	97
104	97
104	97
104	97
104	97
104	97
104	97
104	97
104	97
104	97
104	97
104	97
104	97
104	97
104	97
104	97
104	97
104	97
104	97
104	97
104	97
104	97
104	97
104	97
104	97
104	97
104	97
104	97
104	97
104	97
104	97
104	97
104	97
104	97
104	97
104	97
104	97
104	97
104	97
104	97
104	97
104	97
104	97
104	97
104	97
104	97
104	97
104	97
104	97
104	97
103	97
103	97
103	97
103	97
103	97
103	97
103	97
103	97
103	97
103	97
103	97
103	97
103	97
103	97
103	97
103	97
103	97
103	97
103	97
103	97
103	97
103	97
103	97
103	97
103	97
103	97
103	97
103	97
103	97
103	97
103	98
103	98
103	98
103	98
103	98
103	98
103	98
103	98
102	98
102	98
102	98
102	98
102	98
102	98
102	98
102	98
102	98
102	98
102	98
102	98
102	98
102	98
102	98
102	98
102	98
102	98
102	98
102	98
102	98
102	98
102	98
102	98
102	98
102	98
102	98
102	98
102	98
102	98
102	98
102	98
102	98
102	98
102	98
102	98
102	98
102	98
102	98
102	98
102	98
102	98
102	98
102	98
102	98
102	98
102	98
102	98
102	98
102	98
102	98
102	98
102	98
102	98
102	99
102	99
102	99
102	99
102	99
102	99
102	99
102	99
102	99
102	99
101	99
101	99
101	99
101	99
101	99
101	100
101	100
101	100
101	100
101	100
101	100
101	100
101	100
101	100
101	100
101	100
101	100
101	100
101	100
101	100
101	101
101	101
101	101
101	101
101	101
101	101
100	101
100	101
100	101
100	101
100	101
100	101
100	101
100	101
100	101
100	101
100	102
100	102
100	102
100	102
100	102
100	102
100	102
100	102
100	102
100	102
100	102
100	102
100	102
100	102
100	102
100	103
100	103
100	103
100	103
100	103
100	103
100	103
100	103
100	103
100	103
100	103
100	103
100	103
100	103
100	103
100	103
100	103
100	103
100	103
100	103
100	103
100	103
100	103
100	103
100	103
100	103
101	103
101	103
101	103
101	103
101	103
101	104
101	104
101	104
101	104
101	104
101	104
101	104
101	104
101	104
101	104
101	104
101	104
101	104
101	104
101	104
101	104
101	104
101	104
101	104
101	104
102	104
102	104
102	104
102	104
102	104
102	104
102	104
102	104
102	104
102	104
102	104
102	104
102	104
102	104
102	104
102	104
102	104
102	104
102	104
102	104
102	104
102	104
102	104
102	104
102	104
102	104
97	105
97	105
97	105
97	105
97	105
97	105
97	105
97	105
97	105
97	105
97	105
97	105
95	105
95	105
95	105
95	106
95	106
95	106
95	106
95	106
95	106
95	106
95	106
95	106
95	106
93	106
93	106
93	106
93	106
93	106
93	106
93	106
93	106
93	106
93	106
93	106
93	106
93	106
94	106
94	106
94	106
94	106
94	106
94	106
94	106
94	106
94	103
94	103
94	103
94	103
94	103
94	103
94	103
94	103
94	103
94	103
94	103
94	103
94	103
94	103
94	103
94	100
94	100
94	100
96	100
96	100
96	100
96	100
96	100
96	100
96	100
96	100
96	100
96	100
96	100
96	100
96	97
96	97
96	97
96	97
96	97
96	97
96	97
96	97
96	97
96	97
96	97
96	97
96	97
98	97
98	97
98	97
98	97
98	97
98	97
98	97
98	97
98	97
98	97
98	97
98	97
98	97
98	97
98	97
98	97
98	97
98	97
98	94
98	94
98	94
98	94
98	94
98	94
98	94
98	94
98	94
98	94
98	94
98	94
98	94
98	94
98	94
98	91
98	91
98	91
98	91
98	91
98	91
98	91
98	91
98	91
98	91
98	91
98	91
98	91
98	91
98	91
98	91
98	88
99	88
99	88
99	88
99	88
99	88
99	88
99	88
99	88
99	88
99	88
99	88
99	88
99	88
99	88
101	85
101	85
101	85
101	85
101	85
101	85
101	85
101	85
101	85
101	85
101	85
101	85
101	85
101	85
101	85
101	85
101	85
101	85
101	85
101	85
101	85
101	85
101	85
101	85
101	85
102	85
102	85
102	85
102	85
102	85
102	85
102	83
102	83
102	83
102	83
102	83
102	83
102	83
104	83
104	83
104	83
104	83
104	83
104	83
104	83
104	83
104	80
104	80
104	80
104	80
104	80
105	80
105	80
105	80
105	80
105	80
105	80
105	80
105	80
105	80
105	80
105	80
105	80
105	80
105	80
105	80
105	80
105	80
105	80
105	80
106	80
106	80
106	80
106	80
106	80
106	80
106	80
106	78
106	78
106	78
106	78
106	78
107	78
107	78
107	78
107	78
107	78
107	78
107	78
107	78
107	78
107	78
107	76
107	76
107	76
107	76
107	76
107	76
107	76
107	76
107	76
107	76
107	76
107	76
107	76
107	76
107	76
107	76
107	76
107	76
107	76
107	76
107	76
107	76
107	76
107	76
107	76
107	76
107	76
107	76
107	76
107	76
107	76
107	77
107	77
107	77
107	77
107	77
107	77
107	77
107	77
107	77
107	77
107	77
107	77
107	77
107	77
107	77
107	78
107	78
107	78
107	78
107	78
107	78
107	78
107	78
107	78
107	78
107	78
107	78
107	78
107	78
107	78
107	79
107	79
107	79
107	79
107	79
107	79
108	79
108	79
108	79
108	79
108	79
108	79
108	79
108	79
108	79
108	79
108	80
108	80
108	80
108	80
108	80
108	80
108	80
108	80
108	80
108	80
108	80
108	80
108	80
108	80
108	80
109	81
109	81
109	81
109	81
109	81
109	81
109	81
109	81
109	81
109	81
109	81
109	81
109	81
109	81
109	81
109	82
109	82
109	82
109	82
109	82
109	82
109	82
109	82
109	82
109	82
109	82
110	82
110	82
110	82
110	82
110	82
110	83
110	83
110	83
110	83
110	83
110	83
110	83
110	83
110	83
110	83
110	83
110	83
110	83
110	83
110	83
110	84
110	84
110	84
110	84
110	84
110	84
111	84
111	84
111	84
111	84
111	84
111	84
111	84
111	84
111	84
111	85
111	85
111	85
111	85
111	85
111	85
111	85
111	85
111	85
111	85
111	85
111	85
111	85
111	85
111	85
111	85
112	86
112	86
112	86
112	86
112	86
112	86
112	86
112	86
112	86
112	86
112	86
112	86
112	86
113	86
113	86
113	87
113	87
113	87
113	87
113	87
113	87
113	87
113	87
113	87
113	87
114	87
114	87
114	87
114	87
114	87
114	88
114	88
114	88
114	88
114	88
114	88
114	88
114	88
115	88
115	88
115	88
115	88
115	88
115	88
115	88
115	88
115	89
115	89
115	89
115	89
116	89
116	89
116	89
116	89
116	89
116	89
116	89
116	89
116	89
116	89
116	89
116	89
116	89
117	89
117	89
117	89
117	89
117	89
117	89
117	89
117	89
117	89
117	89
117	89
117	89
117	89
117	90
117	90
117	90
117	90
117	90
117	90
117	90
117	90
117	90
117	90
117	90
117	90
117	90
118	90
118	90
118	90
118	92
118	92
118	92
118	92
118	92
118	92
118	92
118	92
118	92
118	92
118	92
118	92
118	92
118	92
118	92
118	92
118	92
118	92
118	92
118	92
118	92
118	92
118	92
119	92
119	92
119	92
119	92
119	92
119	92
119	92
119	93
119	93
119	93
119	93
119	93
119	93
119	93
119	93
119	93
119	93
119	93
119	93
119	93
119	93
119	93
119	93
119	94
119	94
118	94
118	94
118	94
118	94
118	94
118	94
118	94
118	94
118	94
118	94
118	94
118	94
118	94
118	94
118	94
118	94
118	94
118	94
118	94
118	94
118	94
118	94
118	94
118	94
118	94
118	94
118	94
118	94
118	95
118	95
118	95
118	95
118	95
118	95
118	95
118	95
118	95
118	95
118	95
118	95
118	95
118	95
118	95
118	95
118	95
118	95
118	95
118	95
118	95
118	95
118	95
119	95
119	95
119	95
119	95
119	95
119	95
119	95
119	95
119	96
119	96
119	96
119	96
119	96
118	96
118	96
118	96
118	96
118	96
118	96
118	96
118	96
118	96
118	96
118	94
118	94
118	94
118	94
118	94
118	94
118	94
118	94
118	94
118	94
118	94
118	94
118	94
118	94
118	94
117	94
117	94
117	94
117	94
117	94
117	94
117	94
117	94
117	94
117	94
117	94
117	94
117	94
117	94
117	94
117	94
117	93
117	93
117	93
117	93
117	93
117	93
117	93
117	93
117	93
117	93
117	93
117	93
117	93
117	93
117	93
117	92
117	92
117	92
117	92
117	92
117	92
117	92
117	92
117	92
117	92
117	92
117	92
117	92
117	92
117	92
117	90
117	90
117	90
117	90
117	90
117	90
117	90
117	90
117	90
117	90
117	90
117	90
117	90
117	90
117	90
117	90
117	89
117	89
118	89
118	89
118	89
118	89
118	89
118	89
118	89
118	89
118	89
118	89
118	89
118	89
118	89
118	87
118	87
118	87
118	87
118	87
118	87
118	87
118	87
118	87
118	87
118	87
118	87
118	87
118	87
118	87
118	87
118	87
118	87
118	87
118	87
118	87
118	87
118	87
118	87
118	87
118	87
118	87
118	87
118	87
118	87
118	87
118	87
118	87
118	87
118	87
118	87
118	87
118	87
119	87
119	87
119	87
119	87
119	87
119	87
119	87
119	87
119	86
119	86
119	86
119	86
118	86
118	86
118	86
118	86
118	86
118	86
118	86
118	86
118	86
118	86
118	86
118	87
118	87
118	87
118	87
118	87
118	87
118	87
118	87
118	87
118	87
118	87
118	87
118	87
118	87
118	87
118	87
118	87
118	87
118	87
118	87
118	87
118	87
118	87
118	87
118	87
118	87
118	87
118	87
118	87
118	87
118	87
118	89
118	89
118	89
118	89
118	89
118	89
118	89
118	89
118	89
117	89
117	89
117	89
117	89
117	89
117	89
117	91
117	91
117	91
117	91
117	91
117	91
117	91
117	91
118	91
118	91
118	91
118	91
118	91
118	91
118	91
118	91
118	93
118	93
118	93
118	93
118	93
118	93
118	93
118	93
118	93
118	93
118	93
118	93
118	93
118	93
118	93
118	95
118	95
118	95
118	95
118	95
118	95
118	95
118	95
118	95
118	95
118	95
118	95
118	95
118	95
118	95
118	97
118	97
118	97
118	97
118	97
118	97
118	97
118	97
118	97
118	97
118	97
118	97
118	97
118	97
118	97
118	97
118	98
118	98
118	98
118	98
118	98
118	98
118	98
118	98
118	98
119	98
119	98
119	98
119	98
119	98
119	98
119	99
119	99
119	99
119	99
119	99
119	99
119	99
119	99
119	99
119	99
119	99
119	99
119	99
119	99
119	99
119	99
119	99
119	99
119	99
119	99
119	99
119	99
119	99
119	99
119	99
119	99
119	99
119	99
119	99
119	99
119	99
119	100
119	100
119	100
119	100
119	100
119	100
119	100
119	100
119	100
119	100
119	100
119	100
119	100
119	100
119	100
119	100
119	100
119	100
119	100
119	100
119	100
119	100
119	100
119	100
119	100
119	100
119	100
118	100
118	100
118	100
118	101
118	101
118	101
118	101
118	101
118	101
118	101
118	101
118	101
118	101
118	101
118	101
118	101
118	101
118	101
118	101
118	101
118	101
118	101
118	101
118	101
118	101
118	101
118	101
118	101
118	101
118	101
118	101
118	101
118	101
118	101
118	101
118	101
118	101
118	101
118	101
118	101
118	101
118	101
118	101
118	101
118	101
118	101
118	101
118	101
118	101
118	102
119	102
119	102
119	102
119	102
119	102
119	102
119	102
119	102
119	102
119	102
119	102
119	102
119	102
119	102
119	102
119	103
119	103
119	103
119	103
119	103
119	103
119	103
119	103
119	103
119	103
119	103
120	103
120	103
120	103
120	103
120	104
120	104
120	104
120	104
120	104
120	104
120	104
120	104
120	104
121	104
121	104
121	104
121	104
121	104
121	104
121	104
121	104
121	104
121	104
121	104
121	104
121	104
122	104
122	104
122	104
122	104
122	104
122	104
122	104
122	104
122	104
122	105
122	105
122	105
123	105
123	105
123	105
123	105
123	105
123	105
123	105
123	105
123	105
123	105
123	105
123	105
123	106
123	106
123	106
123	106
123	106
123	106
123	106
123	106
123	106
123	106
123	106
123	106
123	106
123	106
123	106
123	107
123	107
123	107
123	107
123	107
123	107
123	107
123	107
123	107
123	107
123	107
123	107
123	107
123	107
123	107
123	107
123	107
123	107
123	107
123	107
123	107
123	107
123	107
123	107
123	107
123	107
123	107
123	107
123	107
123	107
123	107
123	109
123	109
123	109
123	109
123	109
123	109
123	109
123	109
123	109
123	109
123	109
123	109
123	109
123	109
123	109
123	110
123	110
123	110
123	110
123	110
123	110
123	110
123	110
123	110
123	110
123	110
123	110
123	110
123	110
123	110
123	110
123	112
123	112
123	112
123	112
123	112
123	112
123	112
123	112
123	112
123	112
123	112
123	112
123	112
123	112
123	112
123	112
123	112
123	112
123	112
123	112
123	112
123	112
123	112
123	112
123	112
123	112
124	112
124	112
124	112
124	112
124	114
124	114
124	114
124	114
124	114
124	114
124	114
124	114
124	114
124	114
124	114
124	114
124	114
124	114
124	114
124	114
124	115
124	115
124	115
124	115
124	115
124	115
124	115
124	115
124	115
124	115
124	115
124	115
124	115
124	115
124	115
124	116
124	116
125	116
125	116
125	116
125	116
125	116
125	116
125	116
125	116
125	116
125	116
125	116
125	116
125	116
125	116
125	116
125	116
125	116
125	116
125	116
125	116
125	116
125	116
125	116
125	116
125	116
125	116
125	116
126	116
126	116
126	117
126	117
126	117
126	117
126	117
126	117
126	117
126	117
126	117
126	117
126	117
126	117
126	117
126	117
126	117
126	117
126	117
126	117
126	117
126	117
126	117
126	117
126	117
126	117
126	117
126	117
126	117
126	117
126	117
126	117
126	117
126	117
126	117
126	117
126	117
126	117
126	117
126	117
126	117
126	117
126	117
126	117
126	117
126	117
126	117
126	117
126	117
126	117
126	117
126	117
126	117
126	117
126	117
126	117
126	117
126	117
126	117
126	117
126	117
126	117
126	117
125	117
125	117
125	117
125	117
125	117
125	117
125	117
125	117
125	117
125	117
125	117
125	117
125	117
126	117
126	117
126	117
126	117
126	117
126	117
126	117
126	117
126	117
126	117
126	117
126	117
126	117
126	117
126	117
126	117
126	117
126	117
126	117
126	117
126	117
126	117
126	117
126	117
126	117
126	117
126	117
126	117
126	117
126	117
126	117
126	117
126	117
126	119
126	119
126	119
126	119
126	119
126	119
126	119
126	119
126	119
126	119
126	119
126	119
126	119
126	119
126	119
126	121
126	121
126	121
126	121
126	121
126	121
126	121
126	121
126	121
126	121
126	121
126	121
126	121
126	121
126	121
126	121
126	122
126	122
126	122
126	122
126	122
126	122
126	122
126	122
126	122
126	122
126	122
126	122
126	122
125	122
125	122
125	123
125	123
125	123
125	123
125	123
125	123
125	123
125	123
125	123
125	123
125	123
125	123
125	123
125	123
125	123
125	123
125	123
125	123
125	123
125	123
125	123
125	123
125	123
125	123
125	123
125	123
125	123
125	123
125	123
125	123
125	123
125	124
125	124
125	124
125	124
125	124
125	124
125	124
125	124
125	124
125	124
125	124
125	124
125	124
125	124
125	124
125	124
125	124
125	124
125	124
125	124
125	124
125	124
125	124
125	124
125	124
125	124
125	124
125	124
125	124
125	124
125	124
125	124
125	124
125	124
125	124
125	124
125	124
125	124
125	124
125	124
125	124
125	124
125	124
125	124
125	124
125	124
125	124
125	124
125	124
125	124
125	124
125	124
125	124
125	124
125	124
125	124
125	124
125	124
125	124
125	124
125	124
125	124
125	124
125	124
125	124
125	124
125	124
125	124
125	124
125	124
125	124
125	124
125	124
125	124
125	124
125	124
125	124
125	124
125	124
125	124
125	124
125	124
125	124
125	124
125	124
125	124
125	124
125	124
124	124
124	124
124	124
124	124
124	124
124	124
124	124
124	124
124	124
124	124
124	124
124	124
124	124
124	124
124	124
124	124
124	124
124	124
124	124
124	124
124	124
124	124
124	124
124	124
124	124
124	124
124	124
124	124
124	124
124	124
124	124
124	124
124	124
124	124
124	124
124	124
124	124
124	124
124	124
124	124
124	124
124	124
124	124
124	124
125	124
125	124
125	124
125	124
125	124
125	125
125	125
125	125
125	125
125	125
125	125
125	125
125	125
126	125
126	125
126	125
126	125
126	125
126	125
126	125
126	125
126	127
126	127
126	127
126	127
126	127
127	127
127	127
127	127
127	127
127	127
127	127
127	127
127	127
127	127
127	127
127	126
127	126
127	126
127	126
127	126
127	126
127	126
127	126
127	126
127	126
127	126
127	126
127	126
127	126
127	126
127	126
127	126
127	126
127	126
127	126
127	126
127	126
127	126
127	126
127	126
127	126
127	126
127	126
127	126
127	126
127	126
127	125
127	125
127	125
127	125
127	125
127	125
127	125
127	125
127	125
127	125
128	125
128	125
128	125
128	125
128	125
128	124
128	124
128	124
128	124
128	124
128	124
128	124
128	124
128	124
128	124
128	124
128	124
128	124
128	124
128	124
128	124
128	124
128	124
128	124
128	124
128	124
128	124
128	124
128	124
128	124
128	124
128	124
128	124
128	124
128	124
128	124
128	124
128	124
128	124
128	124
128	124
128	124
128	124
128	124
128	124
128	124
128	124
128	124
128	124
128	124
127	124
127	124
127	124
127	124
127	124
127	124
127	124
127	124
127	124
127	124
127	124
127	124
127	124
127	124
127	124
127	124
127	124
127	124
127	124
127	124
127	124
127	124
127	124
127	124
127	124
127	124
127	124
127	124
127	124
127	124
127	124
127	124
127	124
127	124
127	124
127	124
127	124
127	124
127	124
127	124
127	124
127	124
127	124
127	124
127	124
127	124
127	124
127	124
127	124
127	124
127	124
127	124
128	124
128	124
128	124
128	124
128	124
128	124
128	124
128	124
128	124
128	124
128	125
128	125
128	125
128	125
128	125
128	125
128	125
128	125
128	125
128	125
128	125
128	125
128	125
128	125
128	125
128	125
128	125
128	125
128	125
128	125
128	125
128	125
128	125
128	125
128	125
128	125
128	125
129	125
129	125
129	125
129	125
129	126
129	126
129	126
129	126
129	126
129	126
129	126
129	126
129	126
130	126
130	126
130	126
130	126
130	126
130	126
130	127
130	127
130	127
130	127
130	127
130	127
130	127
130	127
130	127
130	127
130	127
130	127
130	127
130	127
130	127
130	127
130	128
130	128
130	128
130	128
130	128
130	128
130	128
130	128
130	128
130	128
130	128
130	128
130	128
130	128
130	128
130	129
130	129
129	129
129	129
129	129
129	129
129	129
129	129
129	129
129	129
129	129
