0	87
0	87
0	87
0	87
0	87
0	87
0	87
0	87
0	87
0	87
0	87
0	87
0	87
0	87
0	87
0	87
0	87
0	87
0	87
0	87
0	87
0	87
0	87
0	87
0	87
0	87
0	87
0	87
0	87
0	87
0	87
123	87
123	87
123	87
123	87
123	87
123	87
123	87
123	87
123	87
123	87
123	87
123	87
123	87
123	87
123	87
123	87
123	87
123	87
123	87
123	87
123	87
123	87
123	87
123	87
123	87
123	87
123	87
123	87
123	87
123	87
123	87
123	87
123	87
123	87
123	87
123	87
123	87
123	87
123	87
123	87
123	87
123	87
123	87
123	87
123	87
123	87
123	87
123	87
123	87
123	87
123	87
123	87
123	87
123	87
123	87
123	89
123	89
123	89
123	89
123	89
123	89
123	89
123	89
123	89
122	89
122	89
122	89
122	89
122	89
122	89
122	89
122	89
122	89
122	89
122	89
122	89
122	89
122	89
122	89
122	89
122	89
122	89
122	89
122	89
122	89
122	89
122	89
122	89
122	89
122	89
120	89
120	89
120	89
120	89
120	89
120	89
120	89
120	89
120	89
120	89
120	89
120	91
120	91
119	91
119	91
119	91
119	91
119	91
119	91
119	91
119	91
119	91
119	91
119	91
119	91
117	91
117	91
117	91
117	91
117	91
117	91
117	91
117	91
117	91
117	91
117	91
117	91
117	91
117	91
117	91
117	91
117	91
117	91
117	91
117	91
117	91
117	91
117	91
117	91
117	91
117	91
115	91
115	91
115	91
115	91
115	91
115	91
115	91
115	91
115	91
115	91
115	91
115	91
115	91
115	91
115	91
115	91
115	91
115	91
115	91
115	91
115	91
115	93
115	93
115	93
115	93
115	93
115	93
115	93
115	93
115	93
115	93
115	93
115	93
115	93
115	93
115	93
115	93
115	93
115	93
115	93
115	93
115	93
115	93
115	93
115	93
115	93
115	93
115	93
115	93
115	93
115	93
115	93
115	94
115	94
115	94
115	94
115	94
115	94
115	94
115	94
115	94
115	94
115	94
115	94
115	94
115	94
115	94
115	96
115	96
115	96
115	96
115	96
115	96
115	96
115	96
115	96
116	96
116	96
116	96
116	96
116	96
116	96
116	98
116	98
116	98
116	98
116	98
116	98
116	98
116	98
116	98
116	98
116	98
116	98
116	98
116	98
116	98
116	98
116	99
116	99
116	99
116	99
116	99
116	99
116	99
116	99
116	99
116	99
116	99
116	99
116	99
116	99
116	99
116	99
116	99
116	99
116	99
116	99
116	99
116	99
116	99
116	99
116	99
116	99
116	99
116	99
116	99
116	99
116	99
116	99
116	99
116	99
116	99
116	99
116	99
116	99
116	99
116	99
116	99
116	99
116	99
115	99
115	99
115	99
115	99
115	99
115	99
115	99
115	99
115	99
115	99
115	99
115	99
115	99
115	99
115	99
115	99
115	99
115	99
115	100
115	100
115	100
115	100
115	100
115	100
115	100
114	100
114	100
114	100
114	100
114	100
114	100
114	100
114	100
114	101
114	101
114	101
114	101
114	101
113	101
113	101
113	101
113	101
113	101
113	101
113	101
113	101
113	101
113	101
113	101
113	102
113	102
113	102
113	102
113	102
113	102
113	102
113	102
113	102
113	102
113	102
113	102
113	102
113	102
113	102
112	103
112	103
112	103
112	103
112	103
112	103
112	103
112	103
112	103
112	103
112	103
112	103
112	103
112	103
112	103
112	103
112	104
112	104
112	104
112	104
112	104
112	104
112	104
112	104
112	104
112	104
112	104
112	104
112	104
112	104
112	104
112	105
112	105
112	105
112	105
112	105
112	105
112	105
112	105
112	105
112	105
112	105
111	105
111	105
111	105
111	105
111	105
111	105
111	105
111	105
111	105
111	105
111	105
111	105
111	105
110	105
110	105
110	105
110	105
110	105
110	105
110	105
110	105
110	105
110	105
110	105
110	105
110	105
110	105
110	105
110	105
110	105
110	105
110	105
110	105
110	105
110	105
110	104
110	104
110	104
109	104
109	104
109	104
109	104
109	104
109	104
109	104
109	104
109	104
109	104
109	104
109	104
109	103
109	103
109	103
109	103
109	103
109	103
109	103
109	103
109	103
109	103
109	103
109	103
109	103
109	103
109	103
109	103
109	102
109	102
109	102
109	102
109	102
109	102
109	102
109	102
109	102
109	102
109	102
110	102
110	102
110	102
110	102
110	102
110	102
110	102
110	102
110	102
110	102
110	102
110	102
111	102
111	102
111	102
111	102
111	102
111	102
111	102
111	101
111	101
111	101
111	101
111	101
111	101
112	101
112	101
112	101
112	101
112	101
112	101
112	101
112	101
112	101
112	101
112	101
112	101
112	101
113	101
113	101
113	101
113	101
113	101
113	101
113	101
113	101
113	101
113	101
113	101
113	101
114	101
114	101
114	101
114	101
114	101
114	101
114	101
114	101
114	101
114	101
114	101
114	101
114	101
114	101
114	101
114	100
114	100
114	100
114	100
114	100
114	100
114	100
114	100
114	100
114	100
115	100
115	100
115	100
115	100
115	100
115	100
115	99
115	99
115	99
115	99
115	99
115	99
115	99
115	99
114	99
114	99
114	99
114	99
114	99
114	99
114	99
114	99
114	99
114	99
114	99
114	99
114	99
113	99
113	99
113	99
113	99
113	99
113	99
113	99
113	99
113	99
113	98
113	98
113	98
113	98
113	98
113	98
113	98
113	98
113	98
113	98
113	98
113	98
113	98
113	98
113	98
113	98
112	99
112	99
112	99
112	99
112	99
112	99
112	99
112	99
112	99
112	99
112	99
112	99
112	99
112	99
112	99
112	99
112	99
112	99
112	99
112	99
112	99
112	99
112	99
112	99
112	99
111	99
111	99
111	99
111	99
111	99
111	100
111	100
111	100
111	100
111	100
111	100
111	100
111	100
109	100
109	100
109	100
109	100
109	100
109	100
109	100
109	100
109	100
109	100
109	100
109	100
109	100
109	100
109	100
109	100
109	100
109	100
109	100
109	100
109	100
109	100
109	100
109	101
109	101
109	101
108	101
108	101
108	101
108	101
108	101
108	101
108	101
108	101
108	101
108	101
108	101
108	101
108	101
109	101
109	101
109	101
109	101
109	101
109	101
109	101
109	101
109	101
109	101
109	101
109	101
109	101
109	101
109	101
109	102
109	102
109	102
109	102
109	102
109	102
109	102
109	102
109	102
109	102
111	102
111	102
111	102
111	102
111	102
111	103
111	103
111	103
111	103
111	103
111	103
111	103
111	103
112	103
112	103
112	103
112	103
112	103
112	103
112	103
112	103
112	103
112	103
112	103
112	103
113	103
113	103
113	103
113	103
113	103
113	103
113	103
113	103
113	103
113	103
113	103
113	103
113	103
114	103
114	103
114	103
114	103
114	103
114	103
114	103
114	103
114	103
114	103
114	103
114	103
114	103
114	103
114	103
114	103
114	103
114	103
114	103
114	103
114	103
114	103
114	103
114	103
114	103
114	103
114	103
114	103
114	103
114	103
114	103
114	103
114	103
114	103
114	103
114	103
114	103
114	103
114	103
114	103
114	103
114	103
114	103
114	103
114	103
114	103
114	103
114	103
114	103
114	103
114	103
113	103
113	103
113	103
113	103
113	103
113	103
113	103
113	103
113	103
113	103
113	103
113	103
113	103
113	103
113	103
113	103
113	103
113	103
113	103
113	103
113	103
113	103
113	103
113	103
113	103
113	103
113	103
113	103
113	103
113	103
113	103
113	103
113	103
113	103
113	103
113	103
113	103
113	103
113	103
113	103
113	103
113	103
113	103
113	103
113	103
113	103
113	103
113	103
113	103
113	103
113	103
113	103
113	103
113	103
113	103
113	103
113	103
113	103
113	103
113	103
113	103
113	103
113	103
113	103
114	103
114	103
114	103
114	103
114	103
114	103
114	103
114	103
114	103
114	103
114	103
114	103
114	103
114	103
114	103
114	103
114	103
114	103
114	103
114	103
114	103
114	104
114	104
114	104
114	104
114	104
113	104
113	104
113	104
113	104
113	104
113	104
113	104
113	104
113	104
113	104
113	104
113	104
113	104
113	104
113	104
113	104
113	104
113	104
113	104
113	104
113	104
113	104
113	104
113	104
113	104
113	104
113	104
113	104
113	104
113	104
113	104
113	104
113	104
113	104
113	104
113	104
113	104
113	104
113	104
113	104
113	104
113	104
113	104
113	104
113	104
113	104
113	104
113	104
113	104
113	104
113	104
113	104
113	104
113	104
113	104
113	104
113	104
113	104
113	104
113	104
113	104
113	104
113	104
114	104
114	104
114	104
114	104
114	104
114	104
114	104
114	104
114	104
114	104
114	104
114	104
114	104
114	104
114	104
114	104
114	104
114	104
114	104
114	104
114	104
114	104
114	104
114	104
114	104
114	104
115	104
115	104
115	104
115	104
115	104
115	104
115	104
115	104
115	104
115	104
115	104
115	104
115	104
114	104
114	104
114	104
114	104
114	104
114	104
114	104
114	104
114	104
114	104
114	104
114	104
112	104
112	104
112	104
112	104
112	104
112	104
112	104
112	104
112	104
112	104
112	104
112	104
112	104
110	104
110	104
110	104
110	104
110	104
110	104
110	104
110	104
110	104
110	104
110	104
110	104
110	104
110	104
110	104
110	104
110	104
110	104
110	104
110	104
110	104
110	104
110	104
110	104
110	104
111	104
111	104
111	104
111	104
111	104
111	104
111	104
111	104
111	104
111	104
111	104
111	104
111	104
112	104
112	104
112	104
112	104
112	104
112	104
112	104
112	104
112	104
112	104
112	104
112	104
112	104
113	104
113	104
113	104
113	104
113	104
113	104
113	104
113	104
113	104
113	104
113	104
113	104
113	104
114	104
114	104
114	104
114	105
114	105
114	105
114	105
114	105
114	105
114	105
114	105
114	105
114	105
114	105
114	105
114	105
114	105
114	105
114	105
114	105
114	105
114	105
114	105
114	105
114	105
114	105
114	105
114	105
114	105
114	105
114	105
114	105
114	105
114	105
114	106
114	106
114	106
114	106
113	106
113	106
113	106
113	106
113	106
113	106
113	106
113	106
113	106
113	106
113	106
113	106
113	106
113	106
113	106
113	106
113	106
113	106
113	106
113	106
113	106
113	106
113	106
113	106
113	106
113	106
113	106
113	106
113	106
113	106
113	106
113	106
113	106
113	106
113	106
113	106
113	106
113	106
113	106
113	106
113	106
113	106
113	107
113	107
113	107
113	107
113	107
113	107
113	107
113	107
113	107
113	107
113	107
113	107
113	107
113	107
113	107
113	107
113	107
113	107
113	107
113	107
113	107
113	107
113	107
113	107
113	107
113	107
113	107
113	107
113	107
113	107
113	107
113	107
113	107
113	107
113	107
112	107
112	107
112	107
112	107
112	107
112	107
112	107
112	107
112	107
112	107
112	107
112	108
112	108
112	108
112	108
112	108
112	108
112	108
112	108
112	108
112	108
112	108
112	108
112	108
112	108
111	108
111	108
111	108
111	108
111	108
111	108
111	108
111	108
111	108
111	108
111	108
111	108
111	108
110	108
110	108
110	108
110	108
110	108
110	108
110	108
110	108
110	108
110	108
110	108
110	108
109	108
109	108
109	108
109	108
109	108
109	108
109	108
109	109
109	109
109	109
109	109
109	109
109	109
109	109
109	109
109	109
109	109
109	109
109	109
109	109
109	109
109	109
109	109
109	109
109	109
109	109
110	109
110	109
110	109
110	109
110	109
110	109
110	109
110	109
110	109
110	109
110	109
110	109
110	109
110	109
110	109
110	109
110	109
110	109
110	109
110	109
110	109
110	109
110	109
110	109
110	109
110	109
110	109
110	110
110	110
110	110
110	110
110	110
110	110
110	110
110	110
110	110
110	110
110	110
109	110
109	110
109	110
109	110
109	110
109	110
109	110
109	110
109	110
109	110
109	110
109	110
109	110
109	110
109	110
109	110
109	110
109	110
109	110
109	110
109	110
109	110
109	110
109	110
109	110
109	110
110	110
110	110
110	110
110	110
110	110
110	110
110	110
110	110
110	110
110	110
110	110
110	110
110	110
110	110
110	110
110	110
110	110
110	110
110	110
110	110
110	110
110	110
110	110
110	110
110	110
110	110
110	110
110	110
110	110
110	110
110	110
110	110
110	110
110	110
110	110
110	110
110	110
110	110
110	110
110	110
110	110
110	110
110	110
110	110
110	110
110	110
110	110
110	110
110	110
110	110
110	110
110	110
110	110
110	110
110	110
110	110
110	110
110	110
110	110
110	110
110	110
110	110
110	110
110	110
109	110
109	110
109	110
109	110
109	110
109	110
109	110
109	110
109	110
109	110
109	110
109	110
108	110
108	110
108	110
108	110
108	110
108	110
108	110
108	110
108	110
108	110
108	110
108	110
108	110
108	110
108	110
108	110
108	110
108	110
108	110
108	110
108	110
108	110
108	110
108	110
108	110
108	109
108	109
108	109
108	109
108	109
108	109
108	109
108	109
108	109
108	109
108	109
108	109
108	109
108	109
108	109
108	109
108	109
108	109
108	109
108	109
108	109
108	109
108	109
108	109
108	109
108	109
108	109
109	109
109	109
109	109
109	109
109	109
109	109
109	109
109	109
109	109
109	109
109	109
109	109
110	109
110	109
110	109
110	109
110	109
110	109
110	109
110	109
110	109
110	109
110	109
110	109
110	109
111	109
111	109
111	109
111	109
111	109
111	109
111	109
111	109
111	109
111	109
111	108
111	108
111	108
112	108
112	108
112	108
112	108
112	108
112	108
112	108
112	108
112	108
112	108
112	108
112	108
112	108
112	108
112	108
112	108
112	108
112	108
112	108
112	108
112	108
112	108
112	108
112	108
112	108
113	108
113	108
113	108
113	108
113	108
113	108
113	108
113	108
113	108
113	108
113	108
113	108
113	108
114	108
114	108
114	108
114	108
114	108
114	108
114	108
114	108
114	108
114	108
114	108
114	108
114	108
114	108
114	108
114	108
114	108
114	108
114	108
114	108
114	107
114	107
114	107
114	107
114	107
114	107
113	107
113	107
113	107
113	107
113	107
113	107
113	107
113	107
113	107
113	107
113	107
113	107
112	107
112	107
112	107
112	107
112	107
112	107
112	107
112	107
112	107
112	107
112	107
112	107
112	107
111	107
111	107
111	107
111	107
111	107
111	107
111	107
111	107
111	107
111	107
111	107
111	107
111	107
109	107
109	107
109	107
109	107
109	107
109	107
109	107
109	107
109	107
109	107
109	107
109	107
109	107
109	107
109	107
109	107
109	107
109	107
109	107
109	107
109	107
109	107
109	107
109	107
109	107
109	107
109	107
109	107
109	107
109	107
109	107
109	107
109	107
109	107
109	107
109	107
109	107
109	107
109	107
109	107
109	107
109	107
109	107
109	107
109	107
109	107
109	107
109	107
109	107
109	107
109	107
109	107
109	107
109	107
109	107
109	107
109	107
109	107
109	107
109	107
109	107
109	107
109	107
109	107
108	107
108	107
108	107
108	107
108	107
108	107
108	107
108	107
108	107
108	107
108	107
108	107
106	107
106	107
106	107
106	107
106	107
106	107
106	107
106	107
106	107
106	107
106	107
106	107
106	107
106	107
106	107
106	107
106	107
106	107
106	107
106	107
106	107
106	107
106	107
106	107
106	107
106	107
106	107
106	107
106	107
106	107
106	107
106	107
106	107
106	107
106	107
106	107
106	107
106	107
106	107
106	107
106	107
106	107
106	107
106	107
106	107
106	107
106	107
106	107
106	107
106	107
106	107
107	107
107	107
107	107
107	107
107	107
107	107
107	107
107	107
107	107
107	107
107	107
107	107
107	107
107	107
107	107
107	107
107	107
107	107
107	107
107	107
107	107
107	107
107	107
107	107
107	107
107	107
108	107
108	107
108	107
108	107
108	107
108	107
108	107
108	107
108	107
108	107
108	107
108	107
108	107
108	107
108	107
108	107
108	107
108	107
108	107
108	107
108	107
108	107
108	107
108	107
108	107
108	107
108	107
108	107
108	107
108	107
108	107
108	107
108	107
108	107
108	107
108	107
108	107
108	107
108	107
108	107
108	107
108	107
108	107
108	107
108	107
108	107
108	107
108	107
108	107
108	107
108	107
108	107
108	107
108	107
108	107
108	107
108	107
108	107
108	107
108	107
108	107
108	107
108	107
108	107
108	107
108	107
108	107
108	107
108	107
108	107
108	107
108	107
108	107
108	107
108	107
108	107
109	107
109	107
109	107
109	107
109	107
109	107
109	107
109	107
109	107
109	107
109	107
109	107
109	107
109	107
109	107
109	107
109	107
109	107
109	107
109	107
109	107
109	107
109	107
109	107
109	107
109	107
109	107
109	107
109	107
109	107
109	107
109	107
109	107
109	107
109	107
109	107
109	107
109	107
109	107
109	107
109	107
109	107
109	107
109	107
109	107
109	107
109	107
109	107
109	107
109	107
109	107
110	107
110	107
110	107
110	107
110	107
110	107
110	107
110	107
110	107
110	107
110	107
110	107
110	107
110	107
110	107
110	107
110	107
110	107
110	107
110	107
110	107
110	107
110	107
110	107
110	107
110	107
110	107
110	107
110	107
110	107
110	107
110	107
110	107
110	107
110	107
110	107
110	107
110	107
110	107
110	107
110	107
110	107
110	107
110	107
110	107
110	107
110	107
110	107
110	107
110	107
110	107
111	107
111	107
111	107
111	107
111	107
111	107
111	107
111	107
111	107
111	107
111	107
111	107
111	107
111	107
111	107
111	107
111	107
111	107
111	107
111	107
111	107
111	107
111	107
111	107
111	107
111	107
112	107
112	107
112	107
112	107
112	107
112	107
112	107
112	107
112	107
112	107
112	107
112	107
112	107
112	107
112	107
112	107
112	107
112	107
112	107
112	107
112	107
112	107
112	107
112	107
112	107
112	107
112	107
112	107
112	107
112	107
112	107
112	107
112	107
112	107
112	107
112	107
112	107
112	107
112	107
112	107
112	107
112	107
112	107
112	107
112	107
112	107
112	107
112	107
112	107
112	107
112	107
112	107
112	107
112	107
112	107
112	107
112	107
112	107
112	107
112	107
112	107
112	107
112	107
112	107
112	107
112	107
112	107
112	107
112	107
112	107
113	107
113	107
113	107
113	107
113	107
113	107
113	107
113	107
113	107
113	107
113	107
113	107
113	107
113	107
113	107
113	107
113	107
113	107
113	107
113	107
113	106
113	106
113	106
113	106
113	106
113	106
113	106
113	106
113	106
113	106
113	106
113	106
113	106
113	106
113	106
113	106
113	106
113	106
113	106
113	106
113	106
113	106
113	106
113	106
113	106
113	106
113	106
113	106
113	106
113	106
113	106
114	106
114	106
114	106
114	106
114	106
114	106
114	106
114	106
114	106
114	106
114	106
114	106
114	106
113	106
113	106
113	106
113	106
113	106
113	106
113	106
113	106
113	106
113	106
113	106
113	106
113	106
113	106
113	106
113	106
113	106
113	106
113	106
113	106
113	106
113	106
113	106
113	106
113	106
113	106
113	106
113	106
113	106
113	106
113	106
113	106
113	106
113	106
113	106
113	106
113	106
113	106
113	106
113	106
113	106
113	106
113	106
113	106
113	106
113	106
113	106
113	106
113	106
113	106
113	106
113	106
113	106
113	106
113	106
113	106
113	106
113	106
113	106
113	106
113	106
113	106
113	106
113	106
114	106
114	106
114	106
114	106
114	106
114	106
114	106
114	106
114	106
114	106
114	106
114	106
113	106
113	106
113	106
113	106
113	106
113	106
113	106
113	106
113	106
113	106
113	106
113	106
113	106
113	106
113	106
113	106
113	106
113	106
113	106
113	106
113	106
113	106
113	106
113	106
113	106
113	106
112	106
112	106
112	106
112	106
112	106
112	106
112	106
112	106
112	106
112	106
112	106
112	106
112	106
112	106
112	106
112	106
112	106
112	106
112	106
112	106
112	106
112	106
112	106
112	106
112	106
112	106
112	106
112	106
112	106
112	106
112	106
112	106
112	106
112	106
112	106
112	106
112	106
112	106
112	106
112	106
112	106
112	106
112	106
112	106
112	106
112	106
112	106
112	106
112	106
112	106
112	106
112	106
112	106
112	106
112	106
112	106
112	106
112	106
112	106
112	106
112	106
112	106
112	106
112	106
112	106
112	106
112	106
112	106
112	106
112	106
112	106
112	106
112	106
112	106
112	106
112	106
111	106
111	106
111	106
111	106
111	106
111	106
111	106
111	106
111	106
111	106
111	106
111	106
111	106
111	106
111	106
111	106
111	106
111	106
111	106
111	106
111	106
111	106
111	106
111	106
111	106
111	106
109	106
109	106
109	106
109	106
109	106
109	106
109	106
109	106
109	106
109	106
109	106
109	106
109	106
109	106
109	106
109	106
109	106
109	106
109	106
109	106
109	106
109	106
109	106
109	106
109	106
108	106
108	106
108	106
108	106
108	106
108	106
108	106
108	106
108	106
108	106
108	106
108	106
108	106
108	106
108	106
108	106
108	106
108	106
108	106
108	106
108	106
108	106
108	106
108	106
108	106
108	106
109	106
109	106
109	106
109	106
109	106
109	106
109	106
109	106
109	106
109	106
109	106
109	106
109	106
109	106
109	106
109	106
109	106
109	106
109	106
109	106
109	106
109	106
109	106
109	105
109	105
110	105
110	105
110	105
110	105
110	105
110	105
110	105
110	105
110	105
110	105
110	105
110	105
110	105
111	105
111	104
111	104
111	104
111	104
111	104
111	104
111	104
111	104
111	104
111	104
111	104
111	104
111	104
111	104
111	104
111	104
111	104
111	104
111	104
111	104
111	104
111	104
111	104
111	104
111	104
112	104
112	104
112	104
112	104
112	104
112	104
112	104
112	104
112	104
112	104
112	104
112	104
113	104
113	104
113	104
113	104
113	104
113	104
113	104
113	104
113	104
113	104
113	104
113	104
113	104
114	104
114	104
114	104
114	104
114	104
114	104
114	104
114	104
114	104
114	104
114	104
114	104
114	104
114	104
114	104
114	104
114	104
114	104
114	104
114	104
114	104
114	104
114	104
114	104
114	104
114	104
114	104
114	104
114	104
114	104
114	104
114	104
114	104
114	104
114	104
114	104
114	104
114	104
114	104
114	104
114	104
114	104
114	104
114	104
114	104
114	104
114	104
114	104
114	104
114	104
114	104
113	104
113	104
113	104
113	104
113	104
113	104
113	104
113	104
113	104
113	104
113	104
113	104
113	104
113	104
113	104
113	104
113	104
113	104
113	104
113	104
113	104
113	104
113	104
113	104
113	104
114	104
114	104
114	104
114	104
114	104
114	104
114	104
114	104
114	104
114	104
114	104
114	104
114	104
114	104
114	104
114	104
114	104
114	104
114	104
114	104
114	104
114	104
114	104
114	104
114	104
114	104
114	104
115	104
115	104
115	104
115	104
115	104
115	104
115	104
115	104
115	104
115	104
115	104
115	104
116	104
116	104
116	104
116	104
116	104
116	104
116	104
116	104
116	104
116	104
116	104
116	104
116	104
117	104
117	104
117	104
117	104
117	104
117	104
117	104
117	104
117	104
117	104
117	104
117	104
117	104
117	104
117	104
117	104
117	104
117	104
117	104
117	104
117	104
117	104
117	104
117	104
117	104
117	104
117	104
117	104
117	104
117	104
117	104
117	104
117	104
117	104
117	104
117	104
117	104
117	104
118	104
118	104
118	104
118	104
118	104
118	104
118	104
118	104
118	104
118	104
118	104
118	104
118	104
118	104
118	104
118	104
118	104
118	104
118	104
118	104
118	104
118	104
118	104
118	104
118	104
118	104
118	104
118	104
118	104
118	104
118	104
118	104
118	104
118	104
118	104
118	104
118	104
118	104
118	104
119	104
119	104
119	104
119	104
119	104
119	104
119	104
119	104
119	104
119	104
119	104
119	104
119	104
119	104
119	104
119	104
119	104
119	104
119	104
119	104
119	104
119	103
119	103
119	103
119	103
119	103
119	103
119	103
119	103
119	103
119	103
119	103
119	103
119	103
119	103
119	103
119	103
119	103
119	103
119	103
119	103
119	103
119	103
119	103
119	103
119	103
119	103
119	103
119	103
119	103
120	103
120	103
120	104
120	104
120	104
120	104
120	104
120	104
120	104
120	104
120	104
120	104
120	104
120	104
120	104
120	104
120	104
120	105
120	105
120	105
120	105
120	105
120	105
120	105
120	105
120	105
121	105
121	105
121	105
121	105
121	105
121	105
121	102
121	102
121	102
121	102
121	102
121	102
121	102
121	102
121	102
121	102
121	102
121	102
121	102
121	102
121	102
121	102
121	99
121	99
121	99
121	99
121	99
121	99
121	99
121	99
121	99
121	99
121	99
121	99
121	99
121	99
121	99
121	97
121	97
121	97
121	97
121	97
121	97
121	97
121	97
121	97
121	97
121	97
121	97
121	97
121	97
122	97
122	94
122	94
122	94
122	94
122	94
122	94
122	94
122	94
122	94
122	94
122	94
122	94
122	94
122	94
122	94
122	94
122	91
122	91
122	91
122	91
122	91
122	91
122	91
122	91
123	91
123	91
123	91
123	91
123	91
123	91
123	91
123	88
123	88
123	88
123	88
123	88
123	88
124	88
124	88
124	88
124	88
124	88
124	88
124	88
124	88
124	88
124	86
124	86
124	86
124	86
125	86
125	86
125	86
125	86
125	86
125	86
125	86
125	86
125	86
125	86
125	86
125	86
125	84
126	84
126	84
126	84
126	84
126	84
126	84
126	84
126	84
126	84
126	84
126	84
126	84
126	84
127	84
127	82
127	82
127	82
127	82
127	82
127	82
127	82
127	82
127	82
127	82
127	82
128	82
128	82
128	82
128	82
128	80
128	80
128	80
128	80
128	80
128	80
128	80
128	80
128	80
129	80
129	80
129	80
129	80
129	80
129	80
129	80
129	80
129	80
129	80
129	80
129	80
130	80
130	80
130	80
130	80
130	80
130	80
130	80
130	80
130	80
130	80
130	80
130	80
130	80
131	80
131	80
131	80
131	80
131	80
131	80
131	80
131	80
131	80
131	80
131	80
131	80
131	80
131	80
131	80
131	80
131	80
131	80
131	80
131	80
131	80
131	80
131	80
131	80
131	80
131	80
132	80
132	80
132	80
132	80
132	80
132	80
132	80
132	80
132	80
132	80
132	80
132	80
132	80
132	80
132	80
132	80
132	80
132	80
132	80
132	80
132	80
132	80
132	80
132	80
132	80
132	80
132	80
132	80
132	80
132	80
132	80
132	80
132	80
132	80
132	80
132	80
132	80
132	80
132	80
132	80
132	80
132	80
132	80
132	80
132	80
132	80
132	80
132	80
132	80
132	80
132	80
132	80
132	80
132	80
132	80
132	80
132	80
132	80
132	80
132	80
132	80
132	80
132	80
133	80
133	80
133	80
133	80
133	80
133	80
133	80
133	80
133	80
133	80
133	80
133	80
133	80
132	80
132	80
132	80
132	80
132	80
132	80
132	80
132	80
132	80
132	80
132	80
132	80
132	80
133	80
133	80
133	80
133	80
133	80
133	80
133	80
133	80
133	80
133	80
133	80
133	80
133	80
133	80
133	80
133	80
133	80
133	80
133	80
133	80
133	80
133	80
133	80
133	80
133	80
133	80
133	80
133	80
133	80
133	80
133	80
133	80
133	80
133	80
133	80
133	80
133	80
133	80
133	80
134	80
134	80
134	80
134	80
134	80
134	80
134	80
134	80
134	80
134	80
134	80
134	80
134	80
134	80
134	80
134	80
134	80
134	80
134	80
134	80
134	80
134	80
134	80
134	80
134	80
134	80
134	80
134	80
134	80
134	80
134	80
134	80
134	80
134	80
134	80
134	80
134	80
135	80
135	80
135	80
135	80
135	80
135	79
135	79
135	79
135	79
135	79
135	79
135	79
135	79
134	79
134	79
134	79
134	79
134	79
134	79
134	79
134	79
134	77
134	77
134	77
134	77
134	77
134	77
134	77
134	77
134	77
134	77
134	77
134	77
134	77
134	77
134	77
134	76
134	76
134	76
135	76
135	76
135	76
135	76
135	76
135	76
135	76
135	76
135	76
135	76
135	76
135	76
135	75
135	75
135	75
135	75
135	75
135	75
135	75
135	75
135	75
135	75
135	75
135	75
135	75
135	75
136	75
136	75
136	74
136	74
136	74
136	74
136	74
136	74
136	74
136	74
136	74
136	74
136	74
136	74
136	74
136	74
136	74
136	73
136	73
136	73
136	73
136	73
136	73
136	73
136	73
136	73
136	73
136	73
136	73
136	73
136	73
136	73
136	73
136	73
136	73
136	73
136	73
135	73
135	73
135	73
135	73
135	73
135	73
135	73
135	73
135	73
135	73
135	73
135	72
135	72
135	72
135	72
135	72
135	72
135	72
135	72
135	72
135	72
135	72
135	72
135	72
135	72
135	72
134	72
134	72
134	72
134	72
134	72
134	72
134	72
134	72
134	72
134	72
134	72
134	72
134	72
134	72
134	72
134	72
134	72
134	72
134	72
134	72
134	72
134	72
134	72
134	72
134	72
134	72
133	72
133	72
133	72
133	72
133	72
133	72
133	72
133	72
133	72
133	72
133	72
133	72
133	72
133	72
133	72
133	72
133	72
133	72
133	72
133	72
133	72
133	72
133	72
133	72
133	72
133	72
133	72
133	72
133	72
133	72
133	72
133	72
133	72
133	72
133	72
133	72
133	72
133	72
133	72
133	72
133	72
133	72
133	72
133	72
133	72
133	72
133	72
133	72
133	72
133	72
132	72
132	72
132	72
132	72
132	72
132	72
132	72
132	72
132	72
132	72
132	72
132	72
132	72
132	72
132	72
132	72
132	72
132	72
132	72
132	72
132	72
132	72
132	72
132	72
132	72
132	72
132	72
132	72
132	72
132	72
132	72
132	72
132	72
132	72
132	72
132	72
132	72
132	72
132	72
132	72
132	72
132	72
132	72
132	72
132	72
132	72
132	72
132	72
132	72
132	72
132	72
132	72
132	72
132	72
132	72
132	72
132	72
132	72
132	72
132	72
132	72
132	72
132	74
132	74
132	74
131	74
131	74
131	74
131	74
131	74
131	74
131	74
131	74
131	74
131	74
131	74
131	74
129	74
129	74
129	74
129	74
129	74
129	74
129	74
129	74
129	74
129	74
129	74
129	74
129	74
128	74
128	74
128	74
128	76
128	76
128	76
128	76
128	76
128	76
128	76
128	76
128	76
126	76
126	76
126	76
126	76
126	76
126	76
126	76
126	76
126	76
126	76
126	76
126	76
126	76
123	76
123	76
123	76
123	76
123	76
123	76
123	76
123	76
123	76
123	76
123	76
123	76
123	76
123	76
123	76
123	76
123	76
123	76
123	76
123	76
123	76
123	76
123	76
123	76
123	78
123	78
123	78
123	78
123	78
123	78
123	78
123	78
123	78
123	78
123	78
123	78
123	78
123	78
123	78
124	78
124	78
124	78
124	78
124	78
124	78
124	78
124	78
124	78
124	78
124	78
124	78
124	78
125	78
125	78
125	78
125	80
125	80
125	80
125	80
125	80
125	80
125	80
125	80
125	80
127	80
127	80
127	80
127	80
127	80
127	80
127	80
127	80
127	80
127	80
127	80
127	80
127	80
128	80
128	80
128	80
128	80
128	80
128	80
128	80
128	80
128	80
128	80
128	80
128	80
128	80
128	80
128	80
128	80
128	80
128	80
128	80
128	80
128	80
128	80
128	80
128	80
128	80
129	80
129	80
129	80
129	80
129	80
129	80
129	80
129	80
129	80
129	80
129	80
129	80
129	80
130	80
130	82
130	82
130	82
130	82
130	82
130	82
130	82
130	82
130	82
130	82
130	82
130	82
129	82
129	82
129	82
129	85
129	85
129	85
129	85
129	85
129	85
129	85
129	85
129	85
129	85
129	85
129	85
129	85
129	85
129	85
129	87
129	87
129	87
129	87
129	87
129	87
129	87
129	87
129	87
129	87
129	87
129	87
129	87
129	87
129	87
129	87
129	90
129	90
129	90
129	90
129	90
129	90
129	90
129	90
129	90
129	90
129	90
129	90
129	90
129	90
129	90
129	92
129	92
128	92
128	92
128	92
128	92
128	92
128	92
128	92
128	92
128	92
128	92
128	92
128	92
129	92
129	95
129	95
129	95
129	95
129	95
129	95
129	95
129	95
129	95
129	95
129	95
129	95
128	95
128	95
128	95
128	95
128	95
128	95
128	95
128	95
128	95
128	95
128	95
128	95
128	95
128	95
128	95
128	95
128	95
128	95
128	95
128	95
128	95
128	95
128	95
128	95
128	95
128	95
128	95
128	95
128	95
128	95
128	95
128	95
128	95
128	95
128	95
128	95
128	95
128	95
128	95
128	95
128	95
128	95
128	95
128	95
128	95
128	95
128	95
128	95
128	95
128	95
128	95
128	95
128	95
128	95
128	95
128	95
128	95
128	95
128	95
128	95
128	95
128	95
128	95
128	95
128	95
128	95
128	95
128	95
128	95
128	95
128	95
128	95
128	95
128	95
128	95
128	95
128	95
127	95
127	95
127	95
127	95
127	95
127	95
127	95
127	95
127	95
127	95
127	95
127	95
127	95
127	95
127	95
127	95
127	95
127	95
127	95
127	95
127	95
127	95
127	95
127	95
127	95
128	95
128	95
128	95
128	95
128	95
128	95
128	95
128	95
128	95
128	95
128	95
128	95
128	95
129	95
129	95
129	95
129	95
129	95
129	95
129	95
129	95
129	95
129	95
129	95
129	95
129	95
129	95
129	95
129	95
129	95
129	95
129	95
129	95
129	95
129	95
129	95
129	95
129	95
130	95
130	95
130	95
130	95
130	95
130	95
130	95
130	95
130	95
130	95
130	95
130	95
130	95
130	95
130	95
130	95
130	95
130	95
130	95
130	95
130	95
130	95
130	95
130	95
130	95
130	95
130	95
130	95
130	95
130	95
130	95
130	95
130	95
130	95
130	95
130	95
130	95
130	95
130	95
129	95
129	95
129	95
129	95
129	95
129	95
129	95
129	95
129	95
129	95
129	95
129	95
128	95
128	95
128	95
128	95
128	95
128	95
128	95
128	95
128	95
128	95
128	95
128	95
128	97
128	97
128	97
128	97
128	97
128	97
128	97
128	97
128	97
128	97
128	97
128	97
128	97
128	97
127	97
127	99
127	99
127	99
127	99
127	99
127	99
127	99
127	99
127	99
127	99
127	99
126	99
126	99
126	99
126	99
126	99
126	97
126	97
126	97
126	97
126	97
126	97
126	97
126	97
125	97
125	97
125	97
125	97
125	97
125	97
125	97
125	96
125	96
125	96
125	96
125	96
125	96
124	96
124	96
124	96
124	96
124	96
124	96
124	96
124	96
124	96
124	96
124	96
124	96
124	96
124	96
124	96
124	96
124	96
124	96
124	96
124	96
124	96
124	96
124	96
124	96
124	96
124	94
124	94
124	94
124	94
124	94
124	94
124	94
124	94
124	94
124	94
124	94
124	94
124	94
124	94
124	94
124	91
124	91
124	91
124	91
124	91
124	91
124	91
124	91
124	91
124	91
124	91
123	91
123	91
123	91
123	91
123	92
123	92
123	92
123	92
123	92
123	92
123	92
123	92
123	92
123	92
123	92
123	92
123	92
123	92
123	92
123	92
123	93
123	93
123	93
123	93
123	93
121	93
121	93
121	93
121	93
121	93
121	93
121	93
121	93
121	93
121	93
121	93
121	93
121	93
120	93
120	93
120	93
120	93
120	93
120	93
120	93
120	93
120	93
120	93
120	93
120	93
120	93
120	93
120	93
120	93
120	93
120	93
120	93
120	93
120	93
120	93
120	93
120	93
120	93
120	93
120	93
120	93
120	93
120	93
120	93
120	93
120	93
120	93
120	93
120	93
120	93
120	93
120	93
121	93
121	93
121	93
121	93
121	93
121	93
121	93
121	93
121	93
121	93
121	93
121	93
121	93
121	93
121	93
121	93
121	93
121	93
121	93
121	93
121	93
121	93
121	93
121	93
121	93
121	93
121	93
121	93
121	93
121	93
121	93
121	93
121	93
121	93
121	93
121	93
121	93
121	93
122	93
122	93
122	93
122	93
122	93
122	93
122	93
122	93
122	93
122	93
122	93
122	93
123	93
123	93
123	93
123	93
123	93
123	93
123	93
123	93
123	93
123	93
123	93
123	93
123	93
123	93
123	93
123	93
123	93
123	93
123	93
123	93
123	93
123	93
123	93
123	93
123	93
123	93
124	93
124	93
124	93
124	93
124	93
124	93
124	93
124	93
124	93
124	93
124	93
124	93
124	93
124	93
124	93
124	93
124	93
124	93
124	93
124	93
124	93
124	93
124	93
124	93
124	93
124	93
124	93
124	93
124	93
124	93
124	93
124	93
124	93
124	93
124	93
124	93
124	93
124	93
125	93
125	93
125	93
125	93
125	93
125	93
125	93
125	93
125	93
125	93
125	93
125	93
125	93
125	93
125	93
125	93
125	93
125	93
125	93
125	93
125	93
125	93
125	93
125	93
125	93
125	93
125	93
125	93
125	93
125	93
125	93
125	93
125	93
125	93
125	93
125	93
125	93
125	93
125	93
125	93
125	93
125	93
125	93
125	93
125	93
125	93
125	93
125	93
125	93
125	93
125	93
125	93
125	93
125	93
125	93
125	93
125	93
125	93
125	93
125	93
125	93
125	93
125	93
125	93
125	93
125	93
125	93
125	93
125	93
125	93
125	93
125	93
125	93
125	93
125	93
125	93
125	93
124	93
124	93
124	93
124	93
124	93
124	93
124	93
124	93
124	93
124	93
124	93
124	93
124	93
123	93
123	93
123	93
123	93
123	93
123	93
123	93
123	93
123	93
123	93
123	93
123	93
123	93
123	93
123	93
123	93
123	93
123	93
123	93
123	93
123	93
123	93
123	93
123	93
123	93
122	93
122	93
122	93
122	93
122	93
122	93
122	93
122	93
122	93
122	93
122	93
122	93
122	93
122	93
122	93
122	93
122	93
122	93
122	93
122	93
122	93
122	94
122	94
122	94
122	94
122	94
122	94
122	94
122	94
122	94
122	94
122	94
122	94
122	94
122	94
122	94
122	95
122	95
122	95
122	95
122	95
122	95
122	95
122	95
122	95
122	95
122	95
122	95
122	95
122	95
122	95
123	95
123	95
123	95
123	95
123	95
123	95
123	95
123	95
123	95
123	95
123	95
123	95
123	95
123	95
123	95
123	95
123	93
123	93
123	93
123	93
123	93
123	93
123	93
123	93
123	93
123	93
123	93
123	93
123	93
123	93
123	93
123	91
123	91
123	91
123	91
123	91
123	91
123	91
123	91
123	91
123	91
123	91
123	91
123	91
123	91
123	91
123	89
123	89
123	89
123	89
123	89
123	89
123	89
123	89
123	89
123	89
123	89
123	89
123	89
123	89
123	89
123	89
123	87
123	87
123	87
123	87
123	87
123	87
123	87
123	87
123	87
123	87
123	87
123	87
123	87
123	87
123	87
123	85
123	85
123	85
123	85
123	85
123	85
123	85
123	85
123	85
123	85
123	85
123	85
124	85
124	85
124	85
124	85
124	85
124	85
124	85
124	85
124	85
124	85
124	85
124	85
124	85
123	85
123	85
123	85
123	85
123	85
123	85
123	85
123	85
123	85
123	85
123	85
123	85
123	85
123	85
123	85
123	85
123	85
123	85
123	85
123	85
123	85
123	85
123	85
123	85
123	85
123	85
122	85
122	85
122	85
122	85
122	85
122	85
122	85
122	85
122	85
122	85
122	85
122	85
122	85
122	85
122	85
122	85
122	85
122	85
122	85
122	85
122	85
122	85
122	85
122	85
122	85
123	85
123	85
123	85
123	85
123	85
123	85
123	85
123	85
123	85
123	85
123	85
123	85
123	85
122	85
122	85
122	85
122	85
122	85
122	85
122	85
122	85
122	85
122	85
122	85
122	85
122	85
122	85
122	85
122	85
122	85
122	85
122	85
122	85
122	85
122	85
122	85
122	85
122	85
122	85
122	85
122	85
122	85
122	85
122	85
122	85
122	85
122	85
122	85
122	85
122	85
122	85
122	85
122	85
122	85
122	85
122	85
122	85
122	85
122	85
122	85
122	85
122	85
122	85
122	85
123	85
123	85
123	85
123	85
123	85
123	85
123	85
123	85
123	85
123	85
123	85
123	85
123	85
122	85
122	85
122	85
122	85
122	85
122	85
122	85
122	85
122	85
122	85
122	85
122	85
122	85
122	85
122	85
122	85
122	85
122	85
122	85
122	85
122	85
122	85
122	85
122	85
122	85
122	85
122	85
122	85
122	85
122	85
122	85
122	83
122	83
122	83
122	83
122	83
122	83
122	83
122	83
122	83
122	83
122	83
122	83
122	83
122	83
122	83
122	83
122	83
122	83
122	83
122	83
122	83
122	83
122	83
122	83
122	83
122	83
122	83
122	83
122	83
122	83
122	83
122	83
122	83
122	83
122	83
122	83
122	83
122	83
122	83
122	83
122	83
122	83
122	83
122	83
122	83
122	83
122	81
122	81
122	81
122	81
122	81
122	81
122	81
122	81
122	81
122	81
122	81
122	81
122	81
122	81
122	81
122	81
122	81
122	81
122	81
122	81
122	81
122	81
122	81
122	81
122	81
122	81
122	81
122	81
122	81
122	81
122	81
122	81
122	81
122	81
122	81
122	81
122	81
122	81
122	81
122	81
122	81
122	81
122	81
122	81
122	81
122	81
122	81
122	81
122	81
122	81
122	81
122	81
122	81
122	81
122	81
122	81
122	81
122	81
122	81
122	81
122	81
122	81
122	81
122	81
122	81
122	81
122	81
122	81
122	81
123	81
123	81
123	81
123	81
123	81
123	81
123	81
123	81
123	81
123	81
123	81
123	81
123	81
122	81
122	81
122	81
122	81
122	81
122	81
122	81
122	81
122	81
122	81
122	81
122	81
121	81
121	81
121	81
121	81
121	81
121	81
121	81
121	81
121	81
121	81
121	81
121	81
121	81
121	81
121	81
121	81
121	81
121	81
121	81
121	81
121	81
121	81
121	81
121	81
121	81
121	81
120	81
120	81
120	81
120	81
120	81
120	81
120	81
120	81
120	81
120	81
120	81
120	81
120	81
120	81
120	81
120	81
120	81
120	81
120	81
120	81
120	81
120	81
120	81
120	81
120	81
120	81
119	81
119	81
119	81
119	81
119	81
119	81
119	81
119	81
119	81
119	81
119	81
119	81
118	81
118	81
118	81
118	81
118	81
118	81
118	81
118	81
118	81
118	81
118	81
118	81
118	81
118	81
118	81
118	81
118	81
118	81
118	81
118	81
118	81
118	81
118	81
118	81
118	81
118	81
118	81
118	81
118	81
118	81
118	81
118	81
118	81
118	81
118	81
118	81
118	81
118	81
118	81
118	81
118	81
118	81
118	81
118	81
118	81
118	81
118	81
118	81
118	81
118	81
118	81
118	81
118	81
118	81
118	81
118	81
118	81
118	81
118	81
118	81
118	81
118	81
118	81
118	81
118	81
118	81
118	81
118	81
118	81
118	81
118	81
118	81
118	81
118	81
118	81
118	81
118	81
117	81
117	81
117	81
117	81
117	81
117	81
117	81
117	81
117	81
117	81
117	81
117	81
117	81
117	81
117	81
117	81
117	81
117	81
117	81
117	81
117	81
117	81
117	81
117	81
117	81
117	81
117	81
117	81
117	81
117	81
117	81
117	81
117	81
117	81
117	81
117	81
117	81
117	81
117	81
117	81
117	81
117	81
117	81
117	81
117	81
117	81
117	81
117	81
117	81
117	81
117	81
117	81
117	81
117	81
117	81
117	81
117	83
117	83
117	83
117	83
117	83
117	83
117	83
117	83
117	83
117	83
117	83
117	83
117	83
117	83
117	83
117	83
117	84
117	84
117	84
117	84
116	84
116	84
116	84
116	84
116	84
116	84
116	84
116	84
116	84
116	84
116	84
116	85
116	85
116	85
116	85
116	85
116	85
116	85
116	85
116	85
116	85
116	85
116	85
116	85
116	85
116	85
115	86
115	86
115	86
115	86
115	86
115	86
115	86
115	86
115	86
115	86
115	86
115	86
115	86
115	86
115	86
115	86
115	88
115	88
115	88
115	88
115	88
115	88
115	88
115	88
115	88
115	88
115	88
115	88
115	88
115	88
115	88
115	89
115	89
115	89
115	89
115	89
115	89
115	89
115	89
115	89
115	89
115	89
115	89
115	89
115	89
115	89
115	91
115	91
115	91
115	91
115	91
116	91
116	91
116	91
116	91
116	91
116	91
116	91
116	91
116	91
116	91
116	91
116	92
116	92
116	92
116	92
116	92
116	92
116	92
116	92
116	92
116	92
116	92
116	92
116	92
116	92
117	92
117	92
117	92
117	92
117	92
117	92
117	92
117	92
117	92
117	92
117	92
117	92
117	92
118	92
118	92
118	92
118	94
118	94
118	94
118	94
118	94
118	94
118	94
118	94
118	94
118	94
118	94
118	94
118	94
118	94
118	94
118	94
118	95
118	95
118	95
118	95
118	95
118	95
118	95
118	95
118	95
118	95
118	95
118	95
118	95
118	95
118	95
118	97
118	97
118	97
118	97
118	97
118	97
118	97
118	97
118	97
118	97
118	97
118	97
118	97
118	97
118	97
118	98
118	98
118	98
118	98
118	98
118	98
118	98
118	98
118	98
118	98
118	98
118	98
118	98
118	98
118	98
117	98
117	100
117	100
117	100
117	100
117	100
117	100
117	100
117	100
117	100
117	100
117	100
117	100
117	100
117	100
117	100
117	100
117	100
117	100
117	100
117	100
117	100
117	100
117	100
117	100
116	100
116	100
116	100
116	100
116	100
116	100
116	100
116	100
116	100
116	100
116	100
116	100
116	100
116	100
116	100
116	100
116	100
116	100
116	100
116	100
116	100
116	100
116	101
116	101
116	101
116	101
116	101
116	101
116	101
116	101
116	101
116	101
116	101
116	101
116	101
116	101
116	101
116	101
116	101
117	101
117	101
117	101
117	101
117	101
117	101
117	101
117	101
117	101
117	101
117	101
117	101
118	101
118	101
118	101
118	101
118	101
118	101
118	101
118	101
118	101
118	101
118	101
118	101
118	101
119	101
119	101
119	101
119	101
119	102
119	102
119	102
119	102
119	102
119	102
119	102
119	102
119	102
119	102
119	102
119	102
119	102
119	102
119	102
119	103
119	103
119	103
119	103
119	103
119	103
119	103
119	103
119	103
119	103
119	103
119	103
119	103
119	103
119	103
119	104
119	104
119	104
119	104
119	104
119	104
119	104
119	104
119	104
119	104
119	104
119	104
119	104
119	104
119	104
119	104
119	104
119	104
119	104
119	104
119	104
119	104
119	104
119	104
119	104
119	104
119	104
119	104
119	104
119	104
118	104
118	104
118	104
118	104
118	104
118	104
118	104
118	104
118	104
118	104
118	104
118	104
118	104
118	104
118	104
118	104
118	105
118	105
118	105
118	105
118	105
118	105
118	105
118	105
118	105
117	105
117	105
117	105
117	105
117	105
117	105
117	105
117	106
117	106
117	106
117	106
117	106
117	106
116	106
116	106
116	106
116	106
116	106
116	106
116	106
116	106
116	106
116	107
116	107
116	107
116	107
116	107
116	107
116	107
116	107
116	107
116	107
116	107
116	107
116	107
116	107
116	107
116	108
116	108
116	108
116	108
116	108
116	108
116	108
116	108
116	108
116	108
116	108
116	108
116	108
116	108
117	108
117	108
117	109
117	109
117	109
117	109
117	109
117	109
117	109
117	109
117	109
117	109
117	109
117	109
117	109
117	109
117	109
117	110
117	110
117	110
117	110
117	110
117	110
117	110
117	110
117	110
117	110
117	110
117	110
117	110
117	110
117	110
117	111
117	111
117	111
117	111
117	111
117	111
117	111
117	111
117	111
117	111
117	111
117	111
117	111
117	111
117	111
117	111
117	111
117	111
117	111
117	111
117	111
117	111
117	111
117	111
117	111
117	111
117	111
117	111
117	111
117	111
117	111
117	111
118	111
118	111
118	111
118	111
118	111
118	111
118	111
118	111
118	111
118	111
118	111
118	111
118	111
116	111
116	111
116	111
116	111
116	111
116	111
116	111
116	111
116	111
116	111
116	111
116	111
113	111
113	111
113	111
113	111
113	111
113	111
113	111
113	111
113	111
113	111
113	111
113	111
113	111
113	111
113	111
113	111
113	111
113	111
113	111
113	111
113	111
113	111
113	111
113	111
113	111
113	111
113	111
113	111
113	111
113	111
113	111
113	111
113	111
113	111
113	111
113	111
113	111
113	111
112	111
112	111
112	111
112	111
112	111
112	111
112	111
112	111
112	111
112	111
112	111
112	111
112	111
112	111
113	111
113	111
113	111
113	111
113	111
113	111
113	111
113	111
113	111
113	111
113	111
113	111
113	111
113	111
113	111
113	111
113	111
113	111
113	111
113	111
113	111
113	111
113	111
113	111
113	111
114	111
114	111
114	111
114	111
114	111
114	111
114	111
114	111
114	111
114	111
114	111
114	111
114	111
114	111
114	111
114	111
114	111
114	111
114	111
114	111
114	111
114	111
114	111
114	111
114	111
115	111
115	111
115	111
115	111
115	111
115	111
115	111
115	111
115	111
115	111
115	111
115	111
115	111
116	111
116	111
116	111
116	111
116	111
116	111
116	111
116	111
116	111
116	111
116	111
116	111
116	111
116	111
116	111
116	111
116	111
116	111
116	111
116	111
116	111
116	111
116	111
116	111
116	111
117	111
117	111
117	111
117	111
117	111
117	111
117	111
117	111
117	111
117	111
117	111
117	111
117	111
117	111
117	111
117	111
117	111
117	111
117	111
117	111
117	111
117	111
117	111
117	111
117	111
117	111
119	111
119	111
119	111
119	111
119	111
119	111
119	111
119	111
119	111
119	111
119	111
119	111
119	111
120	111
120	111
120	111
120	111
120	111
120	111
120	111
120	111
120	111
120	111
120	111
120	111
120	111
121	111
121	111
121	111
121	111
121	111
121	111
121	111
121	111
121	111
121	111
121	111
121	111
121	111
121	111
121	111
121	111
121	111
121	111
121	111
121	111
121	111
121	111
121	111
121	111
121	111
121	111
121	111
121	111
121	111
121	111
121	111
121	111
121	111
121	111
121	111
121	111
121	111
121	111
121	111
121	111
121	111
121	111
121	111
121	111
121	111
121	111
121	111
121	111
121	111
121	111
120	111
120	111
120	111
120	111
120	111
120	111
120	111
120	111
120	111
120	111
120	111
120	111
120	111
120	111
120	111
120	111
120	111
120	111
120	111
120	111
120	111
120	111
120	111
120	111
120	111
120	111
119	111
119	111
119	111
119	111
119	111
119	111
119	111
119	111
119	111
119	111
119	111
119	111
119	112
118	112
118	112
118	112
118	112
118	112
118	112
118	112
118	112
118	112
118	112
118	112
118	112
118	112
118	112
118	112
118	112
118	112
118	112
118	112
118	112
118	112
118	112
118	112
118	112
118	112
117	112
117	112
117	112
117	112
117	112
117	112
117	112
117	112
117	112
117	112
117	112
117	112
117	112
117	112
117	112
117	112
117	112
117	112
117	112
117	112
117	112
117	112
117	112
117	112
117	112
117	112
117	112
117	112
117	112
117	112
117	112
117	112
117	112
117	112
117	112
117	112
117	112
117	112
117	112
117	112
117	112
117	112
117	112
117	112
117	112
117	112
117	112
117	112
117	112
117	112
117	112
118	112
118	112
118	112
118	112
118	112
118	112
118	112
118	112
118	112
118	112
118	112
118	112
118	112
119	112
119	112
119	112
119	112
119	112
119	112
119	112
119	112
119	112
119	112
119	112
119	112
119	112
120	112
120	112
120	112
120	112
120	112
120	112
120	112
120	112
120	112
120	112
120	112
120	112
120	112
121	112
121	112
121	112
121	112
121	112
121	112
121	112
121	112
121	112
121	112
121	112
121	112
122	112
122	112
122	112
122	112
122	112
122	112
122	112
122	112
122	112
122	112
122	112
122	112
122	112
122	112
122	112
122	112
122	112
122	112
122	112
122	112
122	112
122	112
122	112
122	112
122	112
122	112
125	112
125	112
125	112
125	112
125	112
125	112
125	112
125	112
125	112
125	112
125	112
125	112
127	112
127	112
127	112
127	112
127	112
127	112
127	112
127	112
127	112
127	112
127	112
127	112
127	112
128	112
128	112
128	112
128	112
128	112
128	112
128	112
128	112
128	112
128	112
128	112
128	112
128	112
129	112
129	112
129	112
129	112
129	112
129	112
129	112
129	112
129	111
129	111
129	111
129	111
129	111
129	111
129	111
129	111
129	111
129	111
129	111
129	111
129	111
129	111
129	111
129	111
129	111
129	111
129	111
129	111
129	111
129	111
129	111
129	111
129	111
129	111
129	111
129	111
129	111
129	111
130	111
130	108
130	108
130	108
130	108
130	108
130	108
130	108
130	108
130	108
130	108
130	108
130	108
130	108
130	108
130	108
130	106
130	106
130	106
130	106
130	106
130	106
130	106
130	106
130	106
130	106
130	106
130	106
130	106
130	106
130	106
130	106
130	106
130	106
130	106
130	106
130	106
130	106
130	106
130	106
130	106
130	106
130	106
130	106
130	106
130	106
130	106
130	106
130	106
130	106
130	106
130	106
130	106
130	106
130	106
130	106
130	106
130	106
130	106
130	106
130	106
130	106
130	106
130	106
130	106
130	106
130	106
130	106
130	106
130	106
130	106
130	106
130	106
130	106
130	106
130	106
130	106
130	106
130	106
130	106
130	106
130	106
130	106
130	106
130	106
130	106
130	106
130	106
130	106
130	106
130	106
130	106
130	106
130	106
130	106
130	106
130	106
130	106
130	106
130	106
130	106
130	106
130	106
130	106
130	106
130	106
130	106
130	106
130	106
130	106
130	106
