116	121
116	121
116	121
116	121
116	121
116	121
116	120
116	120
116	120
116	120
116	120
114	120
114	120
114	120
114	120
114	120
114	120
114	120
114	120
114	120
114	120
114	119
114	119
112	119
112	119
112	119
112	119
112	119
112	119
112	119
112	119
112	119
112	119
112	119
112	119
112	118
112	118
112	118
112	118
112	118
112	118
112	118
112	118
112	118
112	118
112	118
112	118
112	118
112	118
112	118
112	117
112	117
112	117
112	117
112	117
112	117
112	117
112	117
112	117
112	117
112	117
112	117
112	117
112	117
112	117
112	116
112	116
112	116
112	116
112	116
112	116
112	116
113	116
113	116
113	116
113	116
113	116
113	116
113	116
113	116
113	115
113	115
113	115
113	115
113	115
113	115
113	115
113	115
113	115
113	115
113	115
113	115
113	115
113	115
113	115
113	114
113	114
113	114
113	114
113	114
113	114
113	114
113	114
113	114
113	114
113	114
113	114
113	114
113	114
113	114
113	114
113	114
113	114
113	114
113	114
113	114
113	114
113	114
113	114
113	114
113	114
113	114
113	114
113	114
113	114
113	114
113	114
113	114
113	114
113	114
113	114
113	114
113	114
113	114
113	114
113	114
113	114
113	114
113	114
113	113
113	113
113	113
113	113
113	113
113	113
113	113
111	113
111	113
111	113
111	113
111	113
111	113
111	113
111	113
111	113
111	113
111	113
111	113
111	113
111	113
111	113
111	113
111	113
111	113
111	113
111	113
111	113
111	113
111	113
111	113
111	113
110	113
110	113
110	113
110	113
110	113
110	113
110	113
110	113
110	113
110	113
110	113
110	113
108	113
108	113
108	113
108	113
108	113
108	113
108	113
108	113
108	113
108	113
108	113
108	113
108	113
106	113
106	113
106	113
106	113
106	113
106	113
106	113
106	113
106	113
106	113
106	113
106	113
107	113
107	113
107	113
107	113
107	113
107	113
107	113
107	113
107	113
107	113
107	113
107	113
109	113
109	113
109	113
109	113
109	113
109	113
109	113
109	113
109	112
109	112
109	112
109	112
111	112
111	112
111	112
111	112
111	112
111	112
111	112
111	112
111	112
111	112
111	112
111	112
111	112
112	112
112	112
112	112
112	112
112	112
112	112
112	112
112	112
112	112
112	112
112	112
112	112
113	112
113	111
113	111
113	111
113	111
113	111
113	111
113	111
113	111
113	111
113	111
113	111
113	111
114	111
114	111
114	111
114	111
114	111
114	111
114	111
114	111
114	111
114	111
114	111
114	111
115	111
115	111
115	111
115	111
115	111
115	111
115	111
115	111
115	111
115	111
115	111
115	111
116	111
116	111
116	111
116	111
116	111
116	111
116	111
116	111
116	111
116	111
116	111
116	111
117	111
117	111
117	111
117	111
117	111
117	111
117	111
117	111
117	111
117	111
117	111
117	110
117	110
116	110
116	110
116	110
116	110
116	110
116	110
116	110
116	110
116	110
116	110
116	110
116	110
116	110
116	110
116	110
116	110
116	110
116	110
116	110
116	110
116	110
116	110
116	110
116	110
116	110
114	110
114	110
114	110
114	110
114	110
114	110
114	110
114	110
114	110
114	110
114	110
114	110
112	110
112	110
112	110
112	110
112	110
112	110
112	110
112	110
112	110
112	110
112	110
112	110
112	110
111	110
111	110
111	110
111	110
111	110
111	110
111	110
111	110
111	110
111	110
111	110
111	110
111	110
111	110
111	110
111	110
111	110
111	110
111	110
111	110
111	110
111	110
111	110
111	110
111	110
111	110
111	110
111	110
111	110
111	110
111	110
111	110
111	110
111	110
111	110
111	110
111	110
112	110
112	110
112	110
112	110
112	110
112	110
112	110
112	110
112	110
112	110
112	110
112	110
114	110
114	110
114	110
114	110
114	110
114	110
114	110
114	110
114	110
114	110
114	110
114	110
114	110
115	110
115	110
115	110
115	110
115	110
115	110
115	110
115	110
115	110
115	110
115	110
115	110
116	110
116	110
116	110
116	110
116	110
116	110
116	110
116	110
116	110
116	110
116	110
116	110
116	110
116	110
116	110
116	110
116	110
116	110
117	110
117	110
117	110
117	110
117	110
117	109
117	109
117	109
117	109
117	109
117	109
117	109
116	109
116	109
116	109
116	109
116	109
116	109
116	109
116	108
116	108
116	108
116	108
116	108
116	108
116	108
116	108
116	108
116	108
116	108
116	108
116	108
116	108
116	108
116	108
116	108
116	108
116	108
116	108
116	108
116	108
116	108
116	108
116	108
116	108
116	108
116	108
116	108
116	108
116	107
116	107
116	107
116	107
116	107
116	107
116	107
116	107
116	107
116	107
116	107
116	107
116	107
116	107
116	107
116	106
115	106
115	106
115	106
115	106
115	106
115	106
115	107
115	107
115	107
115	107
115	107
115	107
115	107
115	107
115	107
115	107
115	107
115	107
115	107
115	107
115	107
115	107
115	107
115	107
115	107
115	107
115	107
115	107
115	107
115	107
115	107
115	108
115	108
115	108
115	108
115	108
115	108
115	108
115	108
115	108
115	108
115	108
115	108
115	108
115	108
115	108
115	108
116	108
116	108
116	108
116	108
116	108
116	108
116	108
116	108
116	109
116	109
116	109
116	109
116	109
116	109
116	109
116	109
116	109
116	109
116	109
116	109
116	109
116	109
116	109
116	109
116	109
116	109
116	109
116	109
116	109
116	109
116	109
114	109
114	109
114	109
114	109
114	109
114	109
114	109
114	110
114	110
114	110
114	110
114	110
113	110
113	110
113	110
113	110
113	110
113	110
113	110
113	110
113	110
113	110
113	110
113	110
112	110
112	110
112	110
112	110
112	110
112	110
112	110
112	110
112	110
112	110
112	110
112	110
113	111
113	111
113	111
113	111
113	111
113	111
113	111
113	111
113	111
113	111
113	111
113	111
113	111
114	111
114	111
114	112
114	112
114	112
114	112
114	112
114	112
114	112
114	112
114	112
114	112
116	112
116	112
116	112
116	112
116	112
116	113
116	113
116	113
116	113
116	113
116	113
116	113
116	113
117	113
117	113
117	113
117	113
117	113
117	113
117	113
117	110
117	110
117	110
117	110
117	110
118	110
118	110
118	110
118	110
118	110
118	110
118	110
118	110
118	110
118	110
118	108
118	108
118	108
118	108
118	108
118	108
118	108
118	108
118	108
118	108
118	108
118	108
118	108
118	108
118	108
117	105
117	105
117	105
117	105
117	105
117	105
117	105
117	105
117	105
117	105
117	105
117	105
116	105
116	105
116	102
116	102
116	102
116	102
116	102
116	102
116	102
116	102
116	102
116	102
116	102
116	102
116	102
116	102
116	102
116	99
116	99
116	99
116	99
116	99
116	99
116	99
115	99
115	99
115	99
115	99
115	99
115	99
115	99
115	99
115	96
115	96
115	96
115	96
115	96
114	96
114	96
114	96
114	96
114	96
114	96
114	96
114	96
114	96
114	96
114	93
114	93
114	93
114	93
114	93
114	93
114	93
114	93
114	93
114	93
114	93
114	93
114	93
114	93
114	93
114	93
114	93
114	93
114	93
114	93
114	93
114	93
114	93
114	93
114	93
114	93
114	93
114	93
114	93
114	93
114	93
114	93
114	93
114	93
114	93
114	93
114	93
114	93
114	93
115	93
115	93
115	93
115	93
115	93
115	93
115	93
115	93
115	93
115	93
115	93
115	93
115	93
115	93
115	93
115	93
115	93
115	93
115	93
115	93
115	93
115	93
115	93
115	93
115	93
116	93
116	93
116	93
116	93
116	93
116	93
116	93
116	93
116	93
116	93
116	93
116	93
116	93
116	93
116	93
116	93
116	93
116	93
116	93
116	93
116	93
116	93
116	93
116	93
116	93
116	93
116	93
116	93
116	93
116	93
116	93
116	93
116	93
116	93
116	93
116	93
116	93
116	93
116	93
116	93
116	93
116	93
116	93
116	93
116	93
116	93
116	93
116	93
116	93
116	93
116	93
116	93
116	93
116	93
116	93
116	93
116	93
116	93
116	93
116	93
116	93
116	93
116	93
116	93
116	93
116	93
116	93
116	93
116	93
116	93
116	93
116	93
116	93
116	93
116	93
116	93
116	93
116	93
116	93
116	93
116	93
116	93
116	93
116	93
116	90
116	90
116	90
116	90
116	90
116	90
116	90
116	90
116	90
116	90
116	90
116	90
116	90
116	90
117	90
117	87
117	87
117	87
117	87
117	87
117	87
117	87
117	87
117	87
117	87
117	87
117	87
117	87
117	87
117	87
117	87
117	87
117	87
117	87
117	87
117	87
117	87
118	87
118	87
118	87
118	87
118	87
118	87
118	87
118	87
118	87
118	87
118	87
118	87
118	87
118	87
118	87
118	87
118	87
118	87
118	87
118	87
118	87
118	87
118	87
118	87
118	87
118	87
118	87
119	87
119	87
119	87
119	87
119	87
119	87
119	87
119	87
119	87
119	87
119	87
119	87
119	87
119	87
119	87
119	87
119	87
119	87
119	87
119	87
119	87
119	87
119	87
119	87
119	87
119	86
119	86
119	86
119	86
119	86
119	86
119	86
119	86
119	86
119	86
119	86
119	86
119	86
119	86
119	86
119	86
119	86
119	86
119	86
119	86
119	86
119	86
119	86
119	86
119	86
119	86
119	86
119	86
119	86
119	86
119	86
119	86
119	86
119	86
119	86
119	86
119	86
119	86
119	86
119	86
119	86
119	86
119	86
119	86
119	86
119	86
119	86
119	86
119	86
119	86
119	86
119	86
119	86
119	86
119	86
119	86
119	86
119	86
119	86
119	86
119	86
119	86
119	86
119	86
119	86
119	86
119	86
119	86
119	86
119	86
119	86
119	86
119	86
119	86
119	86
119	86
119	86
119	86
119	86
119	86
119	86
119	86
119	86
119	86
119	86
119	86
118	86
118	86
118	86
118	86
118	86
118	86
118	86
118	86
118	86
118	86
118	86
118	86
118	86
118	86
118	86
118	86
118	86
118	86
118	86
118	86
118	86
118	86
118	86
118	86
118	86
118	86
118	86
118	86
118	86
118	86
118	86
118	86
118	86
118	86
118	86
118	86
118	86
119	86
119	86
119	86
119	86
119	86
119	86
119	86
119	86
119	86
119	86
119	86
119	87
120	87
120	87
120	87
120	87
120	87
120	87
120	87
120	87
120	87
120	87
120	87
120	87
120	87
121	87
121	87
121	87
121	87
121	87
121	87
121	87
121	87
121	87
121	87
121	87
121	87
121	87
121	87
121	87
121	87
121	88
121	88
121	88
121	88
121	88
121	88
121	88
121	88
122	88
122	88
122	88
122	88
122	88
122	88
122	89
122	89
122	89
122	89
122	89
122	89
122	89
122	89
122	89
122	89
122	89
122	89
122	89
122	89
122	89
122	90
122	90
122	90
122	90
122	90
122	90
122	90
122	90
122	90
122	90
122	90
122	90
122	90
122	90
122	90
122	92
122	92
122	92
122	92
122	92
122	92
122	92
122	92
122	92
122	92
122	92
122	92
122	92
122	92
122	92
122	93
122	93
122	93
122	93
122	93
122	93
122	93
122	93
122	93
122	93
122	93
122	93
122	93
122	93
122	93
122	94
122	94
122	94
122	94
122	94
122	94
122	94
122	94
122	94
122	94
122	94
122	94
122	94
122	94
122	94
122	95
122	95
122	95
122	95
122	95
122	95
122	95
122	95
122	95
122	95
122	95
122	95
122	95
122	95
122	96
122	96
122	96
122	96
122	96
122	96
122	96
122	96
122	96
122	96
122	96
122	96
122	96
122	96
122	96
122	97
122	97
122	97
122	97
122	97
122	97
122	97
122	97
122	97
122	97
122	97
122	97
122	97
123	97
123	97
123	98
123	98
123	98
123	98
123	98
123	98
123	98
123	98
123	98
123	98
123	98
124	98
124	98
124	98
124	98
124	99
124	99
124	99
124	99
124	99
124	99
124	99
124	99
125	99
125	99
125	99
125	99
125	99
125	99
125	99
125	100
125	100
125	100
125	100
125	100
126	100
126	100
126	100
126	100
126	100
126	100
126	100
126	100
126	100
126	100
126	101
126	101
126	101
127	101
127	101
127	101
127	101
127	101
127	101
127	101
127	101
127	101
127	101
127	101
127	102
127	102
127	102
127	102
127	102
127	102
127	102
127	102
127	102
127	102
127	102
127	102
127	102
127	102
127	102
127	103
127	103
127	103
127	103
127	103
127	103
127	103
127	103
127	103
127	103
127	103
127	103
127	103
127	103
127	103
127	105
127	105
127	105
127	105
127	105
127	105
127	105
127	105
127	105
127	105
127	105
127	105
127	105
127	105
127	105
127	105
127	105
127	105
127	105
127	105
127	105
127	105
127	105
127	105
127	105
127	105
127	105
127	105
127	105
127	105
127	105
127	105
127	105
127	105
127	105
127	105
127	105
127	105
127	105
127	105
127	105
127	105
127	105
127	105
127	105
127	105
127	105
127	105
127	105
127	105
127	105
127	105
127	105
127	105
127	105
127	105
127	105
127	105
127	105
127	105
127	105
127	105
127	105
127	105
127	105
127	105
127	105
127	105
127	105
127	105
127	105
127	105
127	105
127	105
127	105
127	105
127	105
127	105
127	105
127	105
127	105
127	105
127	105
127	105
127	105
127	105
127	105
127	105
127	105
127	105
127	105
127	105
127	105
127	105
127	105
127	105
127	105
128	105
128	105
128	105
128	105
128	105
128	105
128	105
128	105
128	105
128	105
128	105
128	105
128	105
128	106
128	106
128	106
128	106
128	106
130	106
130	106
130	108
130	108
130	108
130	108
130	108
130	108
130	108
130	108
130	108
130	108
131	108
131	108
131	108
131	108
131	108
131	108
132	108
132	108
132	108
132	108
132	108
132	108
132	108
132	109
132	109
132	109
132	109
132	109
133	109
133	109
133	109
133	109
133	109
133	109
133	109
133	109
133	109
133	109
133	110
133	110
133	110
134	110
134	110
134	110
134	110
134	110
134	110
134	110
134	110
134	110
134	110
134	110
134	110
135	110
135	110
135	110
135	110
135	110
135	110
135	110
135	110
135	111
135	111
135	111
135	111
135	111
135	111
135	111
135	111
135	111
135	111
135	111
135	111
135	111
135	111
135	111
135	112
135	112
135	112
135	112
135	112
135	112
135	112
135	112
135	112
135	112
135	112
135	112
135	112
135	112
135	112
135	112
135	112
135	112
135	112
135	112
136	112
136	112
136	112
136	112
136	112
136	112
136	112
136	112
136	112
136	113
136	113
136	113
136	113
136	113
136	113
136	113
136	113
136	113
136	113
136	113
136	113
136	113
136	113
136	113
137	113
137	113
137	113
137	113
137	113
137	113
137	113
137	113
137	113
137	113
137	113
137	113
137	113
137	113
137	113
137	113
137	113
137	113
137	113
137	113
137	113
137	113
137	113
137	113
138	113
138	113
138	113
138	113
138	113
138	113
138	114
138	114
138	114
138	114
138	114
138	114
138	114
138	114
138	114
138	114
138	114
138	114
138	114
138	114
138	114
138	115
138	115
138	115
138	115
138	115
138	115
138	115
138	115
138	115
138	115
138	115
138	115
138	115
138	115
138	116
138	116
138	116
138	116
138	116
138	116
138	116
138	116
138	116
138	116
138	116
138	116
138	116
138	116
138	116
139	117
139	117
139	117
139	117
139	117
139	117
139	117
139	117
139	117
139	117
139	117
139	117
139	117
139	117
139	117
139	118
139	118
139	118
139	118
139	118
139	118
139	118
139	118
139	118
139	118
139	118
139	118
139	118
139	118
139	118
139	119
139	119
139	119
139	119
139	119
139	119
139	119
139	119
139	119
139	119
139	119
139	119
139	119
139	119
139	119
139	120
139	120
139	120
139	120
139	120
139	120
139	120
139	120
139	120
139	120
139	120
139	120
139	120
139	120
139	120
139	121
139	121
139	121
139	121
139	121
139	121
139	121
139	121
139	121
139	121
139	121
139	121
139	121
139	121
140	122
140	122
140	122
140	122
140	122
140	122
140	122
140	122
140	122
140	122
140	122
140	122
140	122
140	122
140	122
140	123
140	123
140	123
140	123
140	123
140	123
140	123
140	123
140	123
140	123
140	123
140	123
140	123
140	123
140	123
140	124
140	124
140	124
140	124
140	124
140	124
140	124
141	124
141	124
141	124
141	124
141	124
141	124
141	124
141	124
141	125
141	125
141	125
141	125
141	125
141	125
141	125
141	125
141	125
141	125
141	125
141	125
141	125
141	125
141	125
141	126
141	126
141	126
141	126
141	126
141	126
141	126
141	126
141	126
141	126
141	126
141	126
141	126
141	126
141	126
141	127
141	127
141	127
141	127
141	127
141	127
141	127
141	127
141	127
141	127
141	127
142	127
142	127
142	127
142	128
142	128
142	128
142	128
142	128
142	128
142	128
142	128
142	128
142	128
143	128
143	128
143	128
143	128
143	128
143	129
143	129
143	129
143	129
143	129
143	129
143	129
143	129
143	129
143	129
143	129
143	129
143	129
143	129
143	129
143	130
143	130
143	130
143	130
143	130
144	130
144	130
144	130
144	130
144	130
144	130
144	130
144	130
144	130
144	130
144	130
144	130
145	130
145	130
145	130
145	130
145	130
145	130
145	130
145	130
145	130
145	130
145	130
145	130
145	130
145	131
145	131
145	131
145	131
145	131
146	131
146	131
146	131
146	131
146	131
146	131
147	131
147	131
147	131
147	131
147	133
147	133
147	133
147	133
147	133
147	133
147	133
147	133
148	133
148	133
148	133
148	133
148	133
148	133
148	133
148	133
148	133
148	133
148	133
148	133
148	133
149	133
149	133
149	133
149	133
149	133
149	133
149	133
149	133
149	134
149	134
149	134
149	134
150	134
150	134
150	134
150	134
150	134
150	134
150	134
150	134
150	134
150	134
150	134
150	135
150	135
150	135
150	135
150	135
150	135
150	135
150	135
150	135
150	135
150	135
150	135
150	135
150	135
151	135
151	136
151	136
151	136
151	136
151	136
151	136
151	136
151	136
151	136
151	136
151	136
152	136
152	136
152	136
152	136
152	138
152	138
152	138
152	138
152	138
152	138
152	138
152	138
152	138
152	138
152	138
152	138
152	138
152	138
152	138
152	138
152	138
152	138
152	138
152	138
152	138
153	138
153	138
153	138
153	138
153	138
153	138
153	138
153	138
153	139
153	139
153	139
153	139
153	139
153	139
153	139
153	139
153	139
153	139
153	139
153	139
153	139
153	139
153	139
153	141
153	141
153	141
153	141
153	141
153	141
153	141
153	141
153	141
153	141
153	141
153	141
153	141
153	141
153	141
153	141
153	141
153	141
153	141
153	141
153	141
153	141
153	141
153	141
153	141
153	141
153	141
154	141
154	141
154	141
154	141
154	141
154	141
154	141
154	141
154	141
154	141
154	141
154	141
154	141
154	141
154	141
154	141
154	141
154	141
154	142
154	142
154	142
154	142
154	142
154	142
154	142
154	142
154	142
154	142
154	142
154	142
154	142
154	142
154	142
154	143
154	143
154	143
154	143
154	143
154	143
154	143
154	143
154	143
154	143
154	143
154	143
154	143
154	143
154	143
154	143
154	143
154	143
154	143
154	143
154	143
154	143
154	143
154	143
154	143
154	143
154	143
154	143
154	143
154	143
154	143
154	143
154	143
154	143
154	143
154	143
154	143
154	143
154	143
154	143
154	143
154	143
154	143
154	143
154	144
154	144
154	144
154	144
154	144
154	144
154	144
154	144
154	144
154	144
154	144
154	144
154	144
154	144
154	144
154	145
154	145
154	145
154	145
154	145
154	145
153	145
153	145
153	145
153	145
153	145
153	145
153	145
153	145
153	145
153	146
153	146
153	146
153	146
153	146
153	146
153	146
153	146
153	146
153	146
153	146
153	146
153	146
153	146
153	146
153	147
152	147
152	147
152	147
152	147
152	147
152	147
152	147
152	147
152	147
152	147
152	147
152	147
151	147
151	147
151	148
151	148
151	148
151	148
151	148
151	148
151	148
151	148
151	148
151	148
150	148
150	148
150	148
150	148
150	148
150	148
150	148
150	148
150	148
150	148
150	148
150	148
150	148
149	148
149	148
149	148
149	148
149	148
149	148
149	148
149	148
149	148
149	148
149	148
149	148
148	148
148	148
148	148
148	148
148	148
148	148
148	148
148	148
148	148
148	148
148	148
148	148
148	148
148	148
148	148
148	148
148	148
148	148
148	148
148	148
148	148
148	148
148	148
148	148
148	148
148	148
148	148
148	148
148	148
148	148
148	148
148	148
148	148
148	148
148	148
148	148
148	148
147	148
147	148
147	148
147	148
147	148
147	148
147	148
147	148
147	148
147	148
147	148
147	148
147	148
147	148
147	148
147	148
147	148
147	148
147	148
147	148
147	148
147	148
147	148
147	148
147	148
147	148
147	148
147	148
147	148
147	148
147	148
147	147
147	147
147	147
147	147
147	147
147	147
148	147
148	147
148	147
148	147
148	147
148	147
148	147
148	147
148	147
149	146
149	146
149	146
149	146
149	146
149	146
149	146
149	146
149	146
149	146
149	146
149	146
149	146
149	146
149	146
149	146
149	146
149	146
149	146
149	146
149	146
149	146
149	146
149	146
149	146
149	146
149	146
149	146
149	146
149	146
149	145
149	145
149	145
149	145
149	145
149	145
149	145
149	145
149	145
149	145
149	145
150	145
150	145
150	145
150	145
150	144
150	144
150	144
150	144
150	144
150	144
150	144
150	144
150	144
150	144
150	144
150	144
150	144
150	144
150	144
150	144
150	144
150	144
150	144
150	144
150	144
150	144
150	144
150	144
150	144
150	144
150	144
150	144
150	144
150	145
150	145
150	145
151	145
151	145
151	145
151	145
151	145
151	145
151	145
151	145
151	145
151	145
151	145
151	145
151	145
151	145
151	145
151	145
151	145
151	145
151	145
151	145
151	145
151	145
151	145
151	145
151	145
151	145
151	145
151	146
151	146
151	146
151	146
151	146
151	146
151	146
151	146
151	146
151	146
151	146
151	146
151	146
151	146
151	146
151	146
151	146
151	146
151	146
151	146
151	146
151	146
151	146
151	146
151	146
151	146
151	146
151	146
151	146
151	146
151	146
151	146
151	146
151	146
151	146
151	146
151	146
151	146
151	146
151	146
151	146
151	146
151	146
151	146
151	146
151	147
151	147
151	147
151	147
151	147
151	147
151	147
151	147
151	147
151	147
151	147
151	147
151	147
151	147
151	148
151	148
151	148
151	148
151	148
151	148
151	148
151	148
151	148
151	148
151	148
151	148
151	148
151	148
151	148
151	148
151	148
151	148
151	148
151	148
151	148
151	148
151	148
151	148
151	148
151	148
151	148
151	148
151	148
151	148
151	147
151	147
151	147
151	147
151	147
151	147
151	147
151	147
151	147
151	147
151	147
151	147
151	147
151	147
151	147
151	147
151	147
151	147
151	147
151	147
151	147
151	147
151	147
151	147
151	147
151	147
151	147
151	147
151	147
151	147
151	146
151	146
151	146
151	146
151	146
151	146
151	146
151	146
151	146
151	146
151	146
151	146
151	146
151	146
151	146
150	146
150	146
150	146
150	146
150	146
150	146
150	146
150	146
150	146
150	146
150	146
150	146
150	146
150	146
150	146
150	144
150	144
150	144
150	144
150	144
150	144
150	144
150	144
150	144
150	144
150	144
150	144
150	144
150	144
150	143
150	143
150	143
150	143
150	143
150	143
150	143
150	143
150	143
150	143
150	143
150	143
150	143
150	143
150	143
150	141
150	141
150	141
150	141
150	141
150	141
150	141
150	141
150	141
150	141
150	141
150	141
150	141
150	141
150	141
150	140
150	140
150	140
150	140
150	140
150	140
150	140
150	140
150	140
150	140
150	140
150	140
150	140
150	140
150	140
149	140
149	140
149	140
149	140
149	140
149	140
149	140
149	140
149	140
149	140
149	140
149	140
149	140
149	140
149	140
149	139
149	139
149	139
149	139
149	139
149	139
149	139
149	139
149	139
149	139
149	139
149	139
149	139
149	139
149	139
149	138
149	138
149	138
149	138
149	138
149	138
149	138
149	138
149	138
149	138
149	138
149	138
149	138
149	138
149	138
149	138
149	138
149	138
149	138
149	138
149	138
149	138
149	138
149	138
149	138
149	138
149	138
149	138
149	138
149	137
149	137
150	137
150	137
150	137
150	137
150	137
150	137
150	137
150	137
150	137
150	137
150	137
150	137
150	137
150	137
150	137
150	137
150	137
150	137
150	137
150	137
150	137
150	137
150	137
150	137
150	137
150	137
150	137
150	137
150	136
150	136
150	136
150	136
150	136
150	136
150	136
150	136
150	136
150	136
150	136
150	136
150	136
150	136
150	136
150	136
150	136
150	136
150	136
150	136
150	136
150	136
150	136
150	136
150	136
150	136
150	136
150	136
150	136
150	136
150	136
150	136
150	136
150	136
151	136
151	136
151	136
151	136
151	136
151	136
151	136
151	136
151	136
151	136
151	136
151	136
151	136
151	136
151	136
151	136
151	136
151	136
151	136
151	136
151	136
151	136
151	136
151	136
151	136
151	136
151	136
151	136
151	136
151	136
151	136
151	136
151	136
151	136
151	136
151	136
151	136
151	136
151	136
151	136
151	137
151	137
151	137
151	137
151	137
151	137
151	137
151	137
151	137
151	137
151	137
151	137
151	137
151	137
151	137
151	137
151	137
151	137
151	137
151	137
151	137
151	137
151	137
151	137
151	137
151	137
151	137
151	137
151	137
151	137
151	138
151	138
151	138
151	138
151	138
151	138
151	138
151	138
151	138
151	138
151	138
151	138
151	138
151	138
151	138
151	138
151	138
151	138
151	138
151	138
151	138
151	138
151	138
151	138
151	138
151	138
151	138
151	138
151	138
151	138
151	138
151	138
151	138
151	138
151	138
151	138
151	138
151	138
151	138
151	138
151	138
151	138
151	138
151	138
151	138
151	138
151	138
151	138
151	138
151	138
151	138
151	138
151	138
151	138
151	138
151	138
151	138
151	138
151	138
151	138
151	138
151	138
151	138
151	138
151	138
151	138
151	138
151	138
151	138
151	138
151	138
151	138
151	138
151	138
151	138
151	138
151	138
151	138
151	138
151	138
151	138
151	138
151	138
151	138
151	138
151	138
151	138
151	138
151	138
151	138
151	138
151	138
151	138
151	138
151	138
151	138
151	138
151	138
151	138
151	138
151	138
151	138
151	138
151	138
151	138
151	138
151	138
151	138
151	138
151	138
151	138
151	138
151	138
151	138
151	138
151	138
151	138
151	138
151	139
151	139
151	139
151	139
151	139
151	139
151	139
151	139
151	139
151	139
151	139
151	139
151	139
151	139
151	139
151	139
152	139
152	139
152	139
152	139
152	139
152	139
152	139
152	139
152	139
152	139
152	139
152	139
152	139
152	139
152	140
152	140
152	140
152	140
152	140
152	140
152	140
152	140
152	140
152	140
152	140
152	140
152	140
152	140
152	140
152	140
152	140
152	140
152	140
152	140
152	140
152	140
151	140
151	140
151	140
151	140
151	140
151	140
151	140
151	140
151	141
151	141
151	141
151	141
151	141
151	141
151	141
151	141
151	141
151	141
151	141
151	141
151	141
151	141
151	141
151	141
151	141
151	141
151	141
151	141
151	141
151	141
151	141
151	141
151	141
151	141
151	141
151	141
151	141
151	141
150	141
150	141
150	141
150	141
150	141
150	141
150	141
150	141
150	141
150	141
150	141
150	141
150	141
150	141
150	142
150	142
150	142
150	142
150	142
150	142
150	142
150	142
150	142
150	142
150	142
150	142
150	142
150	142
150	142
150	142
150	142
150	142
150	142
150	142
150	142
150	142
150	142
150	142
150	142
150	142
150	142
150	142
150	142
150	142
150	143
150	143
150	143
150	143
150	143
149	143
149	143
149	143
149	143
149	143
149	143
149	143
149	143
149	143
149	143
149	143
149	143
148	143
148	143
148	143
148	143
148	143
148	143
148	143
148	143
148	143
148	143
148	143
148	143
148	143
147	143
147	143
147	143
147	143
147	143
147	143
147	143
147	143
147	143
147	143
147	143
147	143
146	143
146	143
146	143
146	143
146	143
146	143
146	143
146	143
146	143
146	143
146	143
146	143
145	143
145	143
145	143
145	143
145	143
145	143
145	143
145	143
145	143
145	143
145	143
145	143
145	143
145	143
145	143
145	143
145	143
145	143
145	143
145	143
145	143
145	143
145	143
145	143
145	143
145	143
145	143
145	143
145	143
145	143
145	143
145	143
145	143
145	143
145	143
145	143
145	143
145	143
145	143
145	143
145	143
145	143
145	143
145	143
145	143
145	143
145	143
145	143
145	143
145	143
145	143
145	143
145	143
145	143
145	143
145	143
145	143
145	143
145	143
145	143
145	143
145	143
144	143
144	143
144	143
144	142
144	142
144	142
144	142
144	142
144	142
144	142
144	142
142	142
142	142
142	142
142	142
142	142
142	142
142	142
142	142
142	142
142	142
142	142
142	142
142	142
142	142
140	142
140	142
140	142
140	142
140	142
140	142
140	142
140	142
140	142
140	142
140	142
140	142
139	142
139	142
139	142
139	142
139	142
139	142
139	142
139	142
139	142
139	142
139	141
139	141
140	141
140	141
140	141
140	141
140	141
140	141
140	141
140	141
140	141
140	141
140	141
140	141
140	141
140	141
140	141
140	141
140	141
140	141
140	141
140	141
140	141
140	141
140	141
140	141
140	141
140	141
140	141
140	141
140	141
140	141
140	141
140	141
140	141
140	141
140	141
140	141
140	141
140	141
140	141
140	141
140	141
140	141
140	141
140	141
140	141
140	141
140	141
140	141
140	141
141	141
141	141
141	141
141	141
141	141
141	141
141	141
141	141
141	141
141	140
141	140
141	140
141	140
142	140
142	140
142	140
142	140
142	140
142	140
142	140
142	140
142	140
142	140
142	139
142	139
142	139
142	139
142	139
142	139
142	139
142	139
142	139
142	139
142	139
142	139
142	139
142	139
142	139
142	138
142	138
142	138
142	138
142	138
142	138
142	138
142	138
142	138
142	138
142	138
142	138
142	138
142	138
142	138
142	137
142	137
142	137
142	137
142	137
142	137
142	137
142	137
142	137
142	137
142	137
142	137
142	137
142	137
142	137
142	136
142	136
142	136
142	136
142	136
142	136
142	136
142	136
142	136
142	136
142	136
142	136
142	136
142	136
142	136
142	136
142	136
142	136
142	136
141	136
141	136
141	136
141	136
141	136
141	136
141	136
141	136
141	136
141	136
141	136
141	136
141	136
141	136
141	136
141	136
141	136
141	136
140	136
140	136
140	136
140	136
140	136
140	136
140	136
140	136
140	136
140	136
140	136
140	136
140	136
140	136
140	136
140	136
140	136
140	136
140	136
141	136
141	136
141	136
141	135
141	135
141	135
141	135
141	135
141	135
141	135
141	135
141	135
141	135
142	135
142	135
142	135
142	135
142	135
142	134
142	134
142	134
142	134
142	134
142	134
142	134
141	134
141	134
141	134
141	134
141	134
141	134
141	134
141	134
141	129
141	129
141	129
141	129
141	129
141	129
141	129
141	129
141	129
141	129
141	129
141	129
141	129
141	129
141	129
141	126
140	126
140	126
140	126
140	126
140	126
140	126
140	126
140	126
140	126
140	126
140	126
140	126
139	126
139	126
139	121
139	121
139	121
139	121
139	121
139	121
139	121
139	121
139	121
139	121
139	121
138	121
138	121
138	121
138	121
138	116
138	116
138	116
138	116
138	116
138	116
138	116
138	116
138	116
138	116
138	116
138	116
138	116
138	116
138	112
138	112
138	112
138	112
138	112
138	112
138	112
138	112
138	112
138	112
138	112
138	112
138	112
138	112
138	112
138	108
138	108
138	108
138	108
137	108
137	108
137	108
137	108
137	108
137	108
137	108
137	108
137	108
137	108
137	108
137	104
137	104
135	104
135	104
135	104
135	104
135	104
135	104
135	104
135	104
135	104
135	104
135	104
135	104
135	104
135	101
135	101
135	101
135	101
135	101
135	101
135	101
135	101
135	101
135	101
135	101
135	101
135	101
135	101
135	101
135	99
135	99
135	99
135	99
135	99
135	99
135	99
135	99
135	99
135	99
135	99
135	99
135	99
135	99
135	99
135	95
135	95
135	95
135	95
135	95
135	95
136	95
136	95
136	95
136	95
136	95
136	95
136	95
136	95
136	93
136	93
136	93
137	93
137	93
137	93
137	93
137	93
137	93
137	93
137	93
137	93
137	93
137	93
137	93
137	91
138	91
138	91
138	91
138	91
138	91
138	91
138	91
138	91
138	91
138	91
138	91
138	91
138	91
139	91
139	89
139	89
139	89
139	89
139	89
139	89
139	89
139	89
139	89
139	89
139	89
139	89
139	89
139	89
139	89
139	88
139	88
139	88
139	88
139	88
139	88
139	88
139	88
139	88
140	88
140	88
140	88
140	88
140	88
140	88
140	88
140	88
140	88
140	88
140	88
140	88
140	88
140	88
140	88
140	88
140	88
140	88
140	88
140	88
140	88
140	86
140	86
140	86
140	86
140	86
140	86
140	86
140	86
140	86
140	86
140	86
140	86
140	86
140	86
140	86
141	85
141	85
141	85
141	85
141	85
141	85
141	85
141	85
141	85
141	85
141	85
141	85
141	85
142	85
142	85
142	85
142	85
142	85
142	85
142	85
142	85
142	85
142	85
142	85
142	85
144	85
144	85
144	85
144	85
144	85
144	85
144	85
144	85
144	85
144	85
144	85
144	85
144	85
145	85
145	85
145	85
145	85
145	85
145	85
145	85
145	85
145	85
145	85
145	85
145	85
145	85
145	85
145	85
145	85
145	85
145	85
145	85
145	85
145	85
145	85
145	85
145	85
146	85
146	85
146	85
146	85
146	85
146	85
146	85
146	85
146	85
146	85
146	85
146	85
146	83
146	83
146	83
146	83
146	83
146	83
146	83
146	83
146	83
146	83
146	83
146	83
146	83
144	83
144	83
144	85
144	85
144	85
144	85
144	85
144	85
144	85
144	85
144	85
144	85
143	85
143	85
143	85
143	85
143	87
143	87
143	87
143	87
143	87
143	87
143	87
143	87
142	87
142	87
142	87
142	87
142	87
142	87
142	87
142	90
142	90
142	90
142	90
142	90
142	90
141	90
141	90
141	90
141	90
141	90
141	90
141	90
141	90
141	90
141	93
141	93
141	93
141	93
141	93
141	93
141	93
141	93
141	93
141	93
141	93
141	93
141	93
141	93
141	93
141	93
140	93
140	93
140	93
140	93
140	93
140	93
140	93
140	93
140	93
140	93
140	93
140	93
139	93
139	93
139	93
139	93
139	93
139	93
139	93
139	93
139	93
139	93
139	93
139	93
139	93
139	93
139	93
139	93
139	93
139	93
139	93
139	93
139	93
139	93
139	93
139	93
139	93
140	93
140	93
140	93
140	93
140	93
140	93
140	93
140	93
140	93
140	93
140	93
140	93
141	93
141	93
141	93
141	93
141	93
141	93
141	93
141	93
141	93
141	93
141	93
141	93
141	93
141	93
141	93
141	93
141	93
141	93
141	93
141	93
141	93
141	93
141	93
141	93
141	93
141	93
141	93
141	93
141	93
141	93
141	93
141	93
141	93
141	93
141	93
141	93
141	93
139	93
139	93
139	93
139	93
139	93
139	93
139	93
139	93
139	93
139	93
139	93
139	93
137	93
137	93
137	93
137	93
137	93
137	93
137	93
137	93
137	93
137	93
137	93
137	93
137	93
137	93
137	93
137	93
137	93
137	93
137	93
137	93
137	93
137	93
137	93
137	93
137	93
136	93
136	93
136	93
136	93
136	93
136	93
136	93
136	93
136	93
136	93
136	96
136	96
136	96
136	96
136	96
136	96
136	96
136	96
136	96
136	96
136	96
136	96
136	96
136	96
136	96
136	96
136	96
136	96
136	96
136	96
136	96
136	96
136	96
136	96
136	96
136	96
136	96
136	96
136	96
136	96
136	96
136	96
136	96
136	96
136	96
136	96
136	96
136	96
136	96
137	96
137	96
137	96
137	96
137	96
137	98
137	98
137	98
137	98
137	98
137	98
137	98
137	98
138	98
138	98
138	98
138	98
138	98
138	98
138	98
138	97
138	97
138	97
138	97
138	97
138	97
138	97
138	97
138	97
138	97
138	97
138	97
138	97
138	97
138	97
138	97
138	97
138	97
139	97
139	97
139	97
139	97
139	97
139	97
139	97
139	97
139	97
139	97
139	97
139	97
140	95
140	95
140	95
140	95
140	95
140	95
140	95
140	95
140	95
140	95
140	95
140	95
141	95
141	95
141	95
141	94
141	94
141	94
141	94
141	94
141	94
141	94
141	94
141	94
141	94
142	94
142	94
142	94
142	94
142	94
142	92
142	92
142	92
142	92
142	92
142	92
142	92
142	92
142	92
142	92
142	92
142	92
142	92
142	92
142	91
142	91
142	91
142	91
142	91
143	91
143	91
143	91
143	91
143	91
143	91
143	91
143	91
143	91
143	91
143	89
143	89
142	89
142	89
142	89
142	89
142	89
142	89
142	89
142	89
142	89
142	89
142	89
142	89
142	89
141	89
141	89
141	89
141	89
141	89
141	89
141	89
141	89
141	89
141	89
141	89
141	89
140	89
140	89
140	89
140	89
140	89
140	89
140	89
140	89
140	89
140	89
140	89
140	89
140	89
140	89
140	89
140	89
140	89
140	89
140	88
140	88
140	88
140	88
140	88
140	88
140	88
140	88
140	88
140	88
140	88
140	88
140	88
140	88
140	88
140	87
140	87
140	87
140	87
140	87
140	87
140	87
140	87
140	87
140	87
140	87
140	87
140	87
140	87
140	87
140	87
140	87
141	87
141	87
141	87
141	87
141	87
141	87
141	87
141	87
141	87
141	87
141	87
141	87
141	87
141	87
141	87
141	87
141	87
141	87
141	87
141	87
141	87
141	87
141	87
141	87
142	87
142	87
142	87
142	87
142	87
142	87
142	87
142	87
142	87
142	87
142	87
142	87
142	87
142	87
142	87
142	87
142	87
142	87
142	87
142	87
142	87
142	87
142	87
142	87
142	87
142	87
142	87
142	87
142	87
142	87
142	87
142	87
142	87
142	87
142	87
142	87
142	87
142	87
142	87
142	87
142	87
142	87
142	87
142	87
142	87
142	87
142	87
142	87
142	85
142	85
143	85
143	85
143	85
143	85
143	85
143	85
143	85
143	85
143	85
143	85
143	85
143	85
143	85
143	84
143	84
143	84
143	84
143	84
143	84
143	84
143	84
143	84
143	84
143	84
144	84
144	84
144	84
144	86
144	86
144	86
144	86
144	86
144	86
144	86
144	86
144	86
144	86
144	86
144	86
144	86
144	86
144	86
144	88
144	88
144	88
144	88
144	88
144	88
144	88
145	88
145	88
145	88
145	88
145	88
145	88
145	88
145	88
145	90
145	90
145	90
145	90
145	90
145	90
145	90
145	90
145	90
145	90
145	90
144	90
144	90
144	90
144	90
144	90
144	90
144	90
144	90
144	90
144	90
144	90
144	90
144	90
144	90
144	90
144	90
144	90
144	90
144	90
144	94
144	94
144	94
144	94
144	94
144	94
144	94
144	94
144	94
144	94
144	94
144	94
144	94
144	94
144	94
144	96
144	96
144	96
144	96
144	96
144	96
144	96
144	96
144	96
144	96
144	96
144	96
144	96
144	96
144	99
144	99
144	99
144	99
144	99
144	99
144	99
144	99
144	99
144	99
144	99
144	99
144	99
144	99
144	99
144	99
144	99
144	99
144	99
144	99
144	99
144	99
144	99
144	99
144	99
144	99
144	99
144	99
144	99
144	99
144	102
143	102
143	102
143	102
143	102
143	102
143	102
143	102
143	102
143	102
143	102
143	102
143	102
143	102
144	102
144	102
144	102
144	102
144	102
144	102
144	102
144	102
144	102
144	102
144	102
144	102
144	102
144	102
144	102
144	102
144	102
144	102
144	102
144	102
144	102
144	102
144	102
144	102
144	102
144	102
144	102
144	102
144	102
144	102
144	102
144	105
144	105
144	105
144	105
144	105
144	105
144	105
144	105
144	105
144	105
144	105
144	105
144	105
144	105
144	108
144	108
144	108
144	108
144	108
144	108
144	108
144	108
144	108
144	108
144	108
144	108
144	108
144	108
144	108
144	111
144	111
144	111
144	111
144	111
144	111
144	111
144	111
144	111
144	111
144	111
144	111
144	111
144	111
144	111
144	113
144	113
144	113
144	113
144	113
144	113
144	113
144	113
144	113
144	113
144	113
144	113
144	113
144	113
144	113
144	115
144	115
144	115
144	115
144	115
144	115
144	115
144	115
144	115
145	115
145	115
145	115
145	115
145	115
145	115
145	115
145	115
145	115
145	115
145	115
145	115
145	115
145	115
145	115
145	115
145	115
145	115
145	115
145	115
145	115
145	115
145	115
145	115
145	115
146	115
146	115
146	115
146	115
146	115
146	115
146	115
146	115
146	115
146	115
146	115
146	115
146	115
146	115
146	115
146	115
146	115
146	115
146	115
146	115
146	115
146	115
146	115
146	115
147	115
147	115
147	115
147	115
147	115
147	115
147	115
147	115
147	115
147	115
147	115
147	115
147	115
147	115
147	115
147	115
147	115
147	115
147	115
147	115
147	115
147	115
147	115
147	115
147	115
148	115
148	115
148	115
148	115
148	115
148	115
148	115
148	115
148	115
148	115
148	115
148	115
148	115
148	115
148	115
148	115
148	115
148	115
148	115
148	115
148	115
148	117
148	117
148	117
149	117
149	117
149	117
149	117
149	117
149	117
149	117
149	117
149	117
149	117
149	117
149	117
149	119
149	119
149	119
149	119
149	119
149	119
149	119
149	119
149	119
149	119
149	119
149	119
149	119
149	119
149	119
149	121
149	121
149	121
149	121
149	121
149	121
149	121
149	121
149	121
149	121
149	121
149	121
149	121
149	121
149	123
149	123
149	123
149	123
149	123
149	123
149	123
149	123
149	123
149	123
149	123
149	123
149	123
149	123
149	123
149	124
149	124
149	124
149	124
149	124
149	124
148	124
148	124
148	124
148	124
148	124
148	124
148	124
148	124
148	124
148	126
148	126
148	126
148	126
148	126
148	126
148	126
148	126
148	126
148	126
148	126
148	126
148	126
148	126
148	126
148	127
148	127
148	127
148	127
148	127
148	127
148	127
148	127
148	127
148	127
148	127
148	127
148	127
147	127
147	127
147	128
147	128
147	128
147	128
147	128
147	128
147	128
147	128
147	128
147	128
146	128
146	128
146	128
146	128
146	128
146	129
146	129
146	129
146	129
146	129
146	129
146	129
146	129
145	129
145	129
145	129
145	129
145	129
145	129
145	130
145	130
145	130
145	130
145	130
145	130
144	130
144	130
144	130
144	130
144	130
144	130
144	130
144	130
144	130
144	131
144	131
144	131
144	131
143	131
143	131
143	131
143	131
143	131
143	131
143	131
143	131
143	131
143	131
143	131
143	132
142	132
142	132
142	132
142	132
142	132
142	132
142	132
142	132
142	132
142	132
142	132
142	132
142	132
142	132
142	132
142	132
142	132
142	132
142	132
142	132
142	132
142	132
142	132
142	132
141	132
141	132
141	132
141	132
141	132
141	133
141	133
141	133
141	133
141	133
141	133
141	133
141	133
141	133
141	133
141	133
141	133
141	133
141	133
141	133
141	134
141	134
141	134
141	134
141	134
141	134
141	134
141	134
141	134
141	134
141	134
141	134
141	134
141	134
141	134
141	135
141	135
141	135
140	135
140	135
140	135
140	135
140	135
140	135
140	135
140	135
140	135
140	135
140	135
140	136
140	136
140	136
140	136
140	136
140	136
140	136
140	136
140	136
140	136
140	136
140	136
140	136
140	136
140	136
140	136
140	136
140	136
140	136
140	136
140	136
140	136
140	136
140	136
140	136
139	136
139	136
139	136
139	136
139	136
139	136
139	136
139	136
139	136
139	136
139	136
139	136
139	136
139	136
139	136
139	136
139	136
139	136
139	136
139	136
139	136
139	136
139	136
139	136
139	136
138	136
138	136
138	136
138	136
138	136
138	136
138	136
138	136
138	136
138	136
138	136
138	136
138	136
138	136
138	136
138	136
138	136
138	136
138	136
138	136
138	136
138	136
138	136
138	136
138	136
137	136
137	136
137	136
137	136
137	136
137	136
137	136
137	136
137	136
137	136
137	136
137	136
136	136
136	136
136	136
136	136
136	136
136	136
136	136
136	136
136	136
136	136
136	136
136	136
136	136
136	136
136	136
136	136
136	136
136	136
136	136
136	136
136	136
136	136
136	136
136	136
136	136
136	136
136	136
136	136
136	136
136	136
136	136
136	136
136	136
136	136
136	136
136	136
136	136
136	136
136	136
136	136
136	136
136	136
136	136
136	136
136	136
136	136
136	136
136	136
136	136
136	136
136	136
136	136
136	136
136	136
136	136
136	136
136	136
136	136
136	136
136	136
136	136
136	136
135	136
135	136
135	136
135	136
135	136
135	136
135	136
135	136
135	136
135	136
135	136
135	136
135	136
135	136
135	136
135	136
135	136
135	136
135	136
135	136
135	136
135	136
135	136
135	136
135	136
135	136
135	136
135	136
135	136
135	136
135	136
135	136
135	136
135	136
135	136
135	136
135	136
136	136
136	136
136	136
136	136
136	136
136	136
136	136
136	137
136	137
136	137
136	137
136	137
137	137
137	137
137	137
137	137
137	137
137	137
137	137
137	137
137	137
137	137
137	137
137	137
137	137
137	137
137	137
137	137
137	137
137	137
137	137
137	137
137	137
137	137
137	137
137	137
137	137
137	133
137	133
137	133
137	133
137	133
137	133
137	133
137	133
137	133
137	133
137	133
137	133
137	133
137	133
137	133
137	133
137	133
137	133
137	133
137	133
137	133
137	133
137	133
137	133
137	133
137	133
137	133
137	133
137	133
137	133
137	133
137	133
137	133
137	133
137	133
137	133
137	133
137	133
137	133
137	133
137	133
137	133
137	133
137	133
137	133
137	130
137	130
137	130
137	130
137	130
137	130
137	130
137	130
137	130
137	130
137	130
137	130
137	130
137	130
137	126
137	126
137	126
137	126
137	126
137	126
137	126
137	126
137	126
137	126
137	126
137	126
137	126
137	126
137	126
137	121
137	121
137	121
137	121
137	121
137	121
137	121
137	121
137	121
137	121
137	121
137	121
136	121
136	121
136	121
136	117
136	117
136	117
136	117
136	117
136	117
136	117
136	117
136	117
136	117
135	117
135	117
135	117
135	117
135	117
135	114
135	114
135	114
135	114
135	114
135	114
135	114
135	114
135	114
135	114
135	114
135	114
135	114
135	114
135	114
135	110
135	110
135	110
135	110
135	110
135	110
135	110
135	110
135	107
135	107
135	107
135	107
135	107
135	107
135	107
135	107
134	107
134	107
134	107
134	107
134	107
134	107
135	104
135	104
135	104
135	104
135	104
135	104
135	104
135	104
135	104
135	104
135	104
135	104
135	104
135	104
135	104
135	101
135	101
135	101
135	101
135	101
135	101
135	101
135	101
135	98
135	98
135	98
135	98
135	98
135	98
135	98
135	98
135	98
135	98
135	98
135	98
135	98
135	98
135	98
135	96
135	96
135	96
135	96
135	96
135	96
135	96
135	96
135	96
135	96
135	96
135	96
135	96
135	96
135	96
135	97
135	97
135	97
135	97
135	97
135	97
135	97
135	97
135	97
135	97
135	97
135	97
135	97
135	97
135	97
135	99
135	99
135	99
135	99
135	99
135	99
135	99
135	99
135	99
135	99
135	99
134	99
134	99
134	99
134	101
134	101
134	101
134	101
134	101
134	101
134	101
134	101
134	101
134	101
134	101
134	101
134	101
134	101
134	101
134	103
134	103
134	103
134	103
134	103
134	103
134	103
134	103
134	103
134	103
134	103
134	103
134	103
134	103
134	103
134	105
134	105
134	105
134	105
134	105
134	105
134	105
134	105
134	105
134	105
134	105
134	105
134	105
134	105
134	105
134	107
134	107
134	107
134	107
134	107
134	107
134	107
134	107
135	107
135	107
135	107
135	107
135	107
135	107
135	107
135	109
135	109
135	109
135	109
135	109
136	109
136	109
136	109
136	109
136	109
136	109
136	109
136	109
136	109
136	109
136	111
136	111
136	111
136	111
136	111
136	111
136	111
136	111
136	111
136	111
136	111
136	111
136	111
136	111
136	113
135	113
135	113
135	113
135	113
135	113
135	113
135	113
135	113
135	113
135	113
135	113
135	113
135	113
135	113
135	115
135	115
135	115
135	115
135	115
135	115
135	115
135	115
135	115
135	115
135	115
134	115
134	115
134	115
134	115
134	116
134	116
134	116
134	116
134	116
134	116
134	116
134	116
133	116
133	116
133	116
133	116
133	116
133	116
133	116
133	118
133	118
133	118
133	118
133	118
133	118
133	118
133	118
133	118
133	118
133	118
133	118
133	118
133	118
133	118
133	119
133	119
133	119
133	119
133	119
133	119
133	119
133	119
133	119
133	119
133	119
133	119
133	119
133	119
133	119
133	120
133	120
133	120
133	120
133	120
133	120
133	120
133	120
133	120
133	120
133	120
133	120
134	120
134	120
134	120
134	121
134	121
134	121
134	121
134	121
134	121
134	121
134	121
134	121
134	121
134	121
134	121
134	121
134	121
134	121
134	121
134	121
134	121
134	121
134	121
134	121
134	121
134	121
134	121
134	121
134	121
134	121
134	121
134	121
134	122
134	122
134	122
134	122
134	122
134	122
134	122
134	122
134	122
134	122
134	122
134	122
134	122
134	122
134	122
134	123
134	123
134	123
134	123
134	123
134	123
134	123
134	123
134	123
134	123
134	123
134	123
134	123
134	123
134	123
134	124
134	124
134	124
134	124
134	124
134	124
134	124
134	124
134	124
134	124
134	124
134	124
133	124
133	124
133	124
133	125
133	125
133	125
133	125
133	125
133	125
133	125
133	125
133	125
133	125
133	125
133	125
133	125
133	125
133	125
133	126
133	126
133	126
133	126
133	126
133	126
133	126
133	126
133	126
133	126
133	126
133	126
133	126
133	126
133	127
133	127
133	127
133	127
133	127
134	127
134	127
134	127
134	127
134	127
134	127
134	127
134	127
134	127
134	127
134	127
134	127
134	127
134	127
134	127
134	127
134	127
134	127
134	127
134	127
134	127
134	127
134	127
134	127
134	127
135	128
135	128
135	128
135	128
135	128
135	128
135	128
135	128
135	128
135	128
135	128
135	128
135	128
135	128
135	128
135	128
135	128
135	128
135	128
135	128
135	128
135	128
135	128
135	128
135	128
135	128
135	128
135	128
135	128
135	128
135	128
135	128
135	128
135	128
135	128
135	128
135	128
135	128
135	128
135	128
135	128
135	128
135	128
135	128
135	128
135	128
135	128
135	128
135	128
135	128
135	128
135	128
135	128
135	128
135	128
135	128
135	128
135	128
135	128
135	128
135	128
135	128
135	128
135	128
135	128
135	128
135	128
135	128
135	128
135	128
135	128
135	128
135	128
135	128
135	128
135	128
135	128
135	128
135	128
135	128
135	128
135	128
135	128
135	128
135	128
135	128
135	128
135	128
135	128
135	128
135	128
135	128
135	128
135	128
135	128
135	128
135	128
135	128
135	128
135	128
135	128
135	128
135	128
135	128
135	128
135	128
135	128
135	128
135	128
135	128
135	128
135	128
135	128
135	128
135	128
135	128
135	128
135	128
135	128
135	128
135	128
135	128
135	128
135	128
135	128
135	128
135	128
135	128
135	128
135	128
135	128
135	128
135	128
135	128
135	128
135	128
136	128
136	128
136	128
136	128
136	128
136	128
136	128
136	128
136	128
136	128
136	128
136	128
136	128
136	128
136	128
136	128
136	128
136	128
136	128
136	128
136	128
136	128
136	128
136	128
137	128
137	128
137	128
137	128
137	128
137	128
137	128
137	128
137	128
137	128
137	128
137	128
137	128
137	128
137	128
137	128
137	128
137	128
137	128
137	128
137	128
137	128
137	128
137	128
137	128
137	128
137	128
137	128
137	128
137	128
137	128
137	128
137	128
137	128
137	128
137	128
137	128
138	128
138	128
138	128
138	128
138	128
138	128
138	128
138	128
138	128
138	128
138	128
138	128
138	128
138	128
138	128
138	128
138	128
138	128
138	128
138	128
138	128
138	128
138	128
138	128
138	128
138	128
138	128
138	128
138	128
138	128
138	128
138	128
138	128
138	128
138	128
138	128
138	128
138	128
138	128
138	128
138	128
138	128
138	128
138	128
138	128
138	128
138	128
138	128
138	128
138	128
138	128
138	128
138	128
138	128
138	128
138	129
138	129
138	129
138	129
138	129
138	129
138	129
138	129
138	129
138	129
138	129
138	129
138	129
138	129
138	129
138	129
138	129
138	129
138	129
138	129
138	129
138	129
138	129
138	129
138	129
138	129
138	129
138	129
138	129
138	129
138	130
138	130
139	130
139	130
139	130
139	130
139	130
139	130
139	130
139	130
139	130
139	130
139	130
139	130
139	130
139	131
139	131
139	131
139	131
139	131
139	131
139	131
139	131
139	131
139	131
139	131
139	131
139	131
139	131
139	131
139	131
139	131
139	131
139	131
139	131
139	131
139	131
139	131
139	131
140	131
140	131
140	131
140	131
140	131
140	131
140	131
140	131
140	131
140	131
140	131
140	131
140	131
140	131
140	131
140	131
140	131
140	131
140	131
140	131
140	131
140	131
140	131
140	131
140	131
140	131
140	131
140	131
140	131
140	131
140	131
140	131
140	131
140	131
140	131
140	131
139	131
139	131
139	131
139	131
139	131
139	131
139	131
139	131
139	131
139	131
139	131
139	131
139	131
139	131
139	131
139	131
139	131
139	131
139	131
139	131
139	131
139	131
139	131
139	131
139	131
138	131
138	131
138	131
138	131
138	131
138	131
138	131
138	131
138	131
138	131
138	131
138	131
138	131
138	131
138	131
138	131
138	131
138	131
138	131
138	131
138	131
138	131
138	131
138	131
138	131
138	131
138	131
138	131
138	131
138	131
138	131
138	131
138	131
138	131
138	131
138	131
138	131
138	131
138	131
138	131
138	131
138	131
138	131
138	131
138	131
138	131
138	131
138	131
138	131
138	131
138	131
138	131
138	131
138	131
138	131
138	131
138	131
138	131
138	131
138	131
138	131
138	131
138	131
138	131
138	131
138	131
138	131
138	131
138	131
138	131
138	131
138	131
138	131
138	131
138	131
138	131
138	131
138	131
138	131
138	131
138	131
138	131
138	131
138	131
138	131
138	131
139	131
139	131
139	131
139	131
139	131
139	131
139	131
139	133
139	133
139	133
139	133
139	133
139	133
139	133
139	133
139	133
139	133
139	133
139	133
139	133
139	133
139	133
139	134
139	134
139	134
140	134
140	134
140	134
140	134
140	134
140	134
140	134
140	134
140	134
140	134
140	134
140	134
140	135
139	135
139	135
139	135
139	135
139	135
139	135
139	135
139	135
139	135
139	135
139	135
139	135
139	135
139	135
139	136
139	136
139	136
139	136
139	136
139	136
139	136
139	136
139	136
139	136
139	136
139	136
139	136
139	136
139	138
139	138
139	138
139	138
139	138
139	138
139	138
139	138
139	138
139	138
139	138
139	138
139	138
139	138
139	138
139	138
139	138
139	138
139	138
139	138
139	138
139	138
139	138
139	138
139	138
139	138
139	138
139	138
139	138
139	138
139	139
139	139
139	139
139	139
139	139
139	139
139	139
139	139
139	139
139	139
139	139
139	139
139	139
139	139
139	139
139	140
138	140
138	140
138	140
138	140
138	140
138	140
138	140
138	140
138	140
138	140
138	140
138	140
137	140
137	140
137	141
137	141
137	141
137	141
137	141
137	141
137	141
137	141
137	141
137	141
137	141
135	141
135	141
135	141
135	141
135	142
135	142
135	142
135	142
135	142
135	142
135	142
135	142
134	142
134	142
134	142
134	142
134	142
134	142
134	142
134	142
134	142
134	142
134	142
134	142
133	142
133	142
133	142
133	142
133	142
133	142
133	142
133	142
133	142
133	142
133	142
133	142
133	142
133	142
133	142
133	142
133	142
133	142
133	142
133	142
133	142
133	142
133	142
133	142
132	142
132	142
132	142
132	142
132	142
132	142
132	142
132	142
132	142
132	142
132	142
132	142
132	142
132	142
132	142
132	141
132	141
132	141
132	141
132	141
132	141
132	141
132	141
132	141
132	141
131	141
131	141
131	141
131	141
131	141
131	139
131	139
131	139
131	139
131	139
131	139
131	139
131	139
130	139
130	139
130	139
130	139
130	139
130	139
130	139
130	138
130	138
130	138
130	138
130	138
130	138
130	138
130	138
130	138
130	138
130	138
130	138
130	138
130	138
130	137
130	137
130	137
130	137
130	137
130	137
130	137
130	137
130	137
130	137
130	137
130	137
130	137
130	137
130	137
130	135
131	135
131	135
131	135
131	135
131	135
131	135
131	135
131	135
131	135
131	135
131	135
131	135
132	135
132	135
132	134
132	134
132	134
132	134
132	134
132	134
132	134
132	134
132	134
132	134
132	134
132	134
132	134
132	134
132	134
132	133
132	133
132	133
132	133
132	133
132	133
132	133
132	133
133	133
133	133
133	133
133	133
133	133
133	133
133	133
133	132
133	132
133	132
133	132
133	132
132	132
132	132
132	132
132	132
132	132
132	132
132	132
132	132
132	132
132	132
132	131
132	131
132	131
132	131
132	131
132	131
132	131
132	131
132	131
132	131
132	131
132	131
132	131
132	131
132	131
132	130
132	130
132	130
132	130
132	130
132	130
132	130
132	130
132	130
132	130
132	130
132	130
133	130
133	130
133	130
133	130
133	130
133	130
133	130
133	130
133	130
133	130
133	130
133	130
133	130
132	130
132	130
132	130
132	130
132	129
132	129
132	129
132	129
132	129
132	129
132	129
132	129
132	129
132	129
132	129
132	129
132	129
132	129
132	129
132	129
132	129
132	129
132	129
132	129
132	129
132	129
132	129
132	129
132	129
132	129
132	129
132	129
132	129
132	129
132	129
132	129
131	129
131	129
131	129
131	129
131	129
131	129
131	129
131	129
131	129
131	129
131	129
131	129
131	129
131	129
131	129
131	129
131	129
131	129
131	129
131	129
131	129
131	129
131	129
131	129
131	129
132	129
132	129
132	129
132	129
132	129
132	129
132	129
132	129
132	129
132	129
132	129
132	129
132	129
132	129
132	129
132	129
132	129
132	129
132	129
132	129
132	129
132	129
132	129
132	129
132	129
132	129
132	129
132	129
132	129
132	129
132	129
132	129
132	129
132	129
132	129
132	129
132	129
132	129
132	129
132	129
132	129
132	129
132	129
132	129
132	129
132	129
132	129
132	129
132	129
132	129
132	129
132	129
132	129
132	129
132	129
132	129
132	129
132	129
132	129
132	129
132	129
132	129
132	129
132	129
132	129
132	129
132	129
132	129
132	129
132	129
132	129
132	129
132	129
132	129
132	129
132	129
132	129
132	129
132	129
132	129
132	129
132	129
132	129
132	129
132	129
132	129
132	129
132	129
132	129
132	129
132	129
132	129
132	129
132	129
132	129
132	129
132	129
132	129
132	129
132	129
132	129
132	129
132	129
132	129
132	129
132	129
132	129
132	129
132	129
132	129
132	129
132	129
132	129
132	129
132	129
132	129
132	129
132	129
132	129
132	129
132	129
132	129
132	129
132	129
133	129
133	129
133	129
133	129
133	129
133	129
133	129
133	129
133	129
133	129
133	129
133	129
133	129
133	129
133	129
133	129
133	129
133	129
133	129
133	129
133	129
133	129
133	129
133	129
133	129
133	129
133	129
133	129
133	129
133	129
133	129
133	129
133	129
133	129
133	129
133	129
132	129
132	129
132	129
132	129
132	129
132	129
132	129
132	129
132	129
132	129
132	129
132	129
132	129
130	129
130	129
130	129
130	129
130	129
130	129
130	129
130	129
130	129
130	129
130	129
130	129
128	129
128	129
128	129
128	129
128	129
128	129
128	129
128	129
128	129
128	129
128	129
128	129
128	129
126	129
126	129
126	129
126	129
126	129
126	129
126	129
126	129
126	129
126	129
126	129
126	129
125	128
125	128
125	128
125	128
125	128
125	128
125	128
125	128
125	128
125	128
125	128
125	128
123	128
123	128
123	128
123	128
123	128
123	128
123	128
123	128
123	128
123	128
123	128
123	128
123	128
122	128
122	128
122	128
122	128
122	128
122	127
122	127
122	127
122	127
122	127
122	127
122	127
122	127
122	127
122	127
122	127
122	127
122	127
122	127
122	127
122	126
122	126
122	126
122	126
123	126
123	126
123	126
123	126
123	126
123	126
123	126
123	126
123	126
123	126
123	126
123	126
124	126
124	126
124	126
124	126
124	126
124	126
124	126
124	126
124	126
124	126
124	126
124	126
124	126
124	126
124	125
124	125
124	125
124	125
124	125
124	125
124	125
124	125
124	125
124	125
124	125
125	125
125	125
125	125
125	124
125	124
125	124
125	124
125	124
125	124
125	124
125	124
125	124
125	124
126	124
126	124
126	124
126	124
126	124
126	122
126	122
126	122
126	122
126	122
126	122
126	122
126	122
126	122
126	122
126	122
126	122
126	122
126	122
126	122
126	121
126	121
126	121
126	121
126	121
127	121
127	121
127	121
127	121
127	121
127	121
127	121
127	121
127	121
127	121
127	121
127	121
127	121
127	121
127	121
127	121
127	121
127	121
127	121
127	121
127	121
127	121
127	121
127	121
126	121
126	120
126	120
126	120
126	120
126	120
126	120
126	120
126	120
126	120
126	120
126	120
125	120
125	120
125	120
125	120
125	120
125	120
125	120
125	120
125	120
125	120
125	120
125	120
125	120
125	120
125	120
125	120
125	120
125	120
125	120
125	120
125	120
125	120
125	120
125	120
125	120
125	120
125	120
125	120
125	120
125	120
125	120
125	120
125	120
125	120
125	120
125	120
125	120
125	120
125	120
125	120
125	120
125	120
125	120
125	120
125	120
125	120
125	120
125	120
125	120
125	120
125	120
125	120
125	120
125	120
125	120
125	120
125	120
125	120
125	120
125	120
125	120
125	120
125	120
125	120
125	120
125	120
125	120
125	120
125	120
125	120
125	120
125	120
125	120
125	120
125	120
124	120
124	120
124	120
124	121
124	121
124	121
124	121
124	121
124	121
124	121
124	121
124	121
124	121
124	121
124	121
124	121
124	121
124	121
124	121
124	121
124	121
124	121
124	121
124	121
124	121
124	121
124	121
124	121
124	121
124	121
124	121
124	121
124	121
124	121
124	121
124	121
124	121
124	121
124	121
124	121
124	121
124	121
124	121
124	121
124	121
124	121
124	121
124	122
124	122
124	122
124	122
124	122
124	122
124	122
124	122
124	122
124	122
124	122
124	122
124	122
124	122
124	122
124	122
124	122
124	122
124	122
124	122
124	122
124	122
124	122
124	122
124	122
124	122
124	122
125	122
125	122
125	122
125	122
125	122
125	122
125	122
125	122
125	122
125	122
125	122
125	122
125	122
125	122
125	122
125	122
125	122
125	122
125	123
125	123
125	123
125	123
125	123
125	123
